
40.1645 -103.2029 *
40.1483 -103.2029 *
40.1344 -103.1972 *
40.1206 -103.1910 * 
40.1095 -103.1841 *
40.0921 -103.1744 * 
40.0666 -103.1641 * 
40.0391 -103.1546 *
39.9989 -103.1508 *
39.9535 -103.1578 *
39.9192 -103.1543 * 
39.8734 -103.1337 * 
39.8376 -103.1208 * 
40.1664 -103.2049 + 
40.1450 -103.2025 + 
40.1232 -103.1998 + 
40.1028 -103.1890 + 
40.0863 -103.1790 + 
40.0570 -103.1651 + 
40.0151 -103.1478 + 
39.9701 -103.1329 + 
39.9141 -103.1318 + 
39.8447 -103.1429 + 
39.7922 -103.1316 + 
39.7320 -103.1011 + 
39.6873 -103.0875 + 
40.1612 -103.2047 0 
40.1461 -103.2015 0 
40.1279 -103.2001 0 
40.1106 -103.1923 0 
40.0958 -103.1844 0 
40.0743 -103.1732 0 
40.0430 -103.1602 0 
40.0064 -103.1497 0 
39.9653 -103.1520 0 
39.9082 -103.1581 0 
39.8676 -103.1463 0 
39.8146 -103.1176 0 
39.7748 -103.1059 0 
