39.191 -106.817 Aspen
36.407 -105.573 Taos
37.275 -107.879 Durango
40.7858 -111.9792 Alta
38.573  -109.549 Moab
39.9088 -105.1172 BJC     1
39.5701 -104.8493 Centl   1
41.1556 -104.8105 CYS     1
38.8058 -104.7002 COS     1
38.9697 -104.8130 AFF     1
38.2891 -104.4966 PUB     1
35.0402 -106.6092 ABQ     1
41.3120 -105.6750 LAR 1
39.8584 -104.6670 DEN 1
40.2333 -103.6667 FtMpp   1
40.8667 -105.0333 RawHpp  1
40.87115 -104.715 Pawnee  1
42.908 -106.4644 CPR	1
43.06423 -108.4598 RIW	1
42.8375 -103.0954 CDR	1
42.0532 -102.8038 AIA	1
41.1013 -102.9853 SNY	1
41.8740 -103.5956 BFF	1
40.4518 -105.0113 FNL	1
40.4374 -104.6332 GXY	1
42.0555 -104.9286 EAN	1
42.7972 -105.3858 DGW	1
44.0453 -103.0574 RAP	1
42.7538	-104.4046 LSK	1
42.0645	-104.1527 TOR	1
41.1881 -103.6774 IBM	1
