3/6/2014 1:23 PM
nsamplesPerSetPoint: 50
RAF probe 812452,  30c to -60C, 10 deg stepm, 50 samples
Reference(C), Heated 812452A(Ohm), Heated 812452B(Ohm), Dummy 0000(Ohm)
29.874843 	55.939382 	55.931258 	0.000000 
29.874720 	55.939349 	55.931226 	0.000000 
29.874600 	55.939318 	55.931195 	0.000000 
29.874486 	55.939291 	55.931170 	0.000000 
29.874432 	55.939273 	55.931152 	0.000000 
29.874399 	55.939258 	55.931138 	0.000000 
29.874388 	55.939246 	55.931128 	0.000000 
29.874386 	55.939236 	55.931120 	0.000000 
29.874395 	55.939227 	55.931114 	0.000000 
29.874434 	55.939227 	55.931115 	0.000000 
29.874506 	55.939228 	55.931119 	0.000000 
29.874569 	55.939232 	55.931124 	0.000000 
29.874645 	55.939239 	55.931133 	0.000000 
29.874703 	55.939248 	55.931146 	0.000000 
29.874746 	55.939256 	55.931155 	0.000000 
29.874829 	55.939267 	55.931169 	0.000000 
29.874910 	55.939281 	55.931185 	0.000000 
29.874996 	55.939297 	55.931201 	0.000000 
29.875070 	55.939312 	55.931213 	0.000000 
29.875109 	55.939325 	55.931226 	0.000000 
29.875146 	55.939335 	55.931239 	0.000000 
29.875185 	55.939348 	55.931250 	0.000000 
29.875187 	55.939352 	55.931257 	0.000000 
29.875188 	55.939358 	55.931261 	0.000000 
29.875105 	55.939358 	55.931262 	0.000000 
29.875011 	55.939355 	55.931257 	0.000000 
29.874935 	55.939351 	55.931252 	0.000000 
29.874844 	55.939339 	55.931236 	0.000000 
29.874717 	55.939320 	55.931217 	0.000000 
29.874604 	55.939303 	55.931200 	0.000000 
29.874482 	55.939285 	55.931179 	0.000000 
29.874318 	55.939265 	55.931159 	0.000000 
29.874160 	55.939240 	55.931132 	0.000000 
29.873969 	55.939213 	55.931103 	0.000000 
29.873758 	55.939177 	55.931070 	0.000000 
29.873544 	55.939140 	55.931032 	0.000000 
29.873323 	55.939103 	55.930992 	0.000000 
29.873105 	55.939063 	55.930952 	0.000000 
29.872895 	55.939026 	55.930914 	0.000000 
29.872716 	55.938983 	55.930872 	0.000000 
29.872481 	55.938941 	55.930829 	0.000000 
29.872264 	55.938898 	55.930785 	0.000000 
29.872030 	55.938850 	55.930734 	0.000000 
29.871797 	55.938799 	55.930688 	0.000000 
29.871528 	55.938753 	55.930644 	0.000000 
29.871276 	55.938709 	55.930596 	0.000000 
29.871049 	55.938663 	55.930546 	0.000000 
29.870851 	55.938613 	55.930499 	0.000000 
29.870654 	55.938567 	55.930455 	0.000000 
29.870517 	55.938526 	55.930419 	0.000000 
19.874293 	53.970120 	53.959814 	0.000000 
19.874442 	53.970150 	53.959842 	0.000000 
19.874619 	53.970180 	53.959871 	0.000000 
19.874755 	53.970210 	53.959898 	0.000000 
19.874872 	53.970235 	53.959921 	0.000000 
19.874997 	53.970262 	53.959949 	0.000000 
19.875131 	53.970282 	53.959967 	0.000000 
19.875240 	53.970298 	53.959984 	0.000000 
19.875347 	53.970318 	53.960006 	0.000000 
19.875461 	53.970339 	53.960026 	0.000000 
19.875627 	53.970358 	53.960051 	0.000000 
19.875797 	53.970389 	53.960082 	0.000000 
19.875956 	53.970422 	53.960114 	0.000000 
19.876115 	53.970450 	53.960140 	0.000000 
19.876275 	53.970478 	53.960168 	0.000000 
19.876417 	53.970507 	53.960198 	0.000000 
19.876548 	53.970534 	53.960227 	0.000000 
19.876666 	53.970555 	53.960251 	0.000000 
19.876775 	53.970583 	53.960279 	0.000000 
19.876864 	53.970609 	53.960302 	0.000000 
19.876950 	53.970629 	53.960322 	0.000000 
19.877064 	53.970650 	53.960342 	0.000000 
19.877134 	53.970671 	53.960359 	0.000000 
19.877183 	53.970692 	53.960376 	0.000000 
19.877199 	53.970707 	53.960389 	0.000000 
19.877187 	53.970714 	53.960393 	0.000000 
19.877155 	53.970716 	53.960391 	0.000000 
19.877121 	53.970710 	53.960387 	0.000000 
19.877118 	53.970710 	53.960386 	0.000000 
19.877122 	53.970713 	53.960389 	0.000000 
19.877149 	53.970715 	53.960388 	0.000000 
19.877174 	53.970713 	53.960390 	0.000000 
19.877168 	53.970715 	53.960394 	0.000000 
19.877208 	53.970716 	53.960396 	0.000000 
19.877287 	53.970723 	53.960407 	0.000000 
19.877347 	53.970729 	53.960414 	0.000000 
19.877450 	53.970745 	53.960431 	0.000000 
19.877585 	53.970762 	53.960445 	0.000000 
19.877665 	53.970777 	53.960458 	0.000000 
19.877769 	53.970792 	53.960477 	0.000000 
19.877874 	53.970812 	53.960494 	0.000000 
19.877996 	53.970832 	53.960515 	0.000000 
19.878112 	53.970849 	53.960533 	0.000000 
19.878247 	53.970873 	53.960561 	0.000000 
19.878376 	53.970898 	53.960588 	0.000000 
19.878528 	53.970927 	53.960615 	0.000000 
19.878681 	53.970959 	53.960646 	0.000000 
19.878816 	53.970991 	53.960676 	0.000000 
19.878921 	53.971016 	53.960698 	0.000000 
19.879027 	53.971040 	53.960722 	0.000000 
9.888128 	51.997057 	51.984993 	0.000000 
9.888370 	51.997112 	51.985048 	0.000000 
9.888565 	51.997163 	51.985096 	0.000000 
9.888707 	51.997208 	51.985140 	0.000000 
9.888826 	51.997247 	51.985177 	0.000000 
9.888919 	51.997281 	51.985210 	0.000000 
9.889035 	51.997311 	51.985240 	0.000000 
9.889151 	51.997342 	51.985270 	0.000000 
9.889272 	51.997375 	51.985302 	0.000000 
9.889393 	51.997406 	51.985334 	0.000000 
9.889509 	51.997435 	51.985364 	0.000000 
9.889593 	51.997465 	51.985394 	0.000000 
9.889680 	51.997493 	51.985420 	0.000000 
9.889753 	51.997514 	51.985442 	0.000000 
9.889841 	51.997538 	51.985465 	0.000000 
9.889914 	51.997561 	51.985487 	0.000000 
9.889955 	51.997574 	51.985499 	0.000000 
9.889991 	51.997584 	51.985510 	0.000000 
9.890054 	51.997597 	51.985522 	0.000000 
9.890143 	51.997612 	51.985538 	0.000000 
9.890269 	51.997633 	51.985557 	0.000000 
9.890401 	51.997655 	51.985582 	0.000000 
9.890493 	51.997680 	51.985609 	0.000000 
9.890533 	51.997702 	51.985628 	0.000000 
9.890549 	51.997720 	51.985638 	0.000000 
9.890557 	51.997729 	51.985647 	0.000000 
9.890575 	51.997737 	51.985655 	0.000000 
9.890616 	51.997743 	51.985664 	0.000000 
9.890690 	51.997754 	51.985675 	0.000000 
9.890809 	51.997764 	51.985685 	0.000000 
9.890933 	51.997778 	51.985701 	0.000000 
9.891025 	51.997790 	51.985712 	0.000000 
9.891103 	51.997804 	51.985727 	0.000000 
9.891172 	51.997819 	51.985744 	0.000000 
9.891225 	51.997834 	51.985755 	0.000000 
9.891281 	51.997848 	51.985770 	0.000000 
9.891295 	51.997860 	51.985778 	0.000000 
9.891301 	51.997868 	51.985786 	0.000000 
9.891337 	51.997870 	51.985788 	0.000000 
9.891391 	51.997873 	51.985792 	0.000000 
9.891466 	51.997883 	51.985797 	0.000000 
9.891572 	51.997891 	51.985807 	0.000000 
9.891683 	51.997905 	51.985822 	0.000000 
9.891784 	51.997921 	51.985837 	0.000000 
9.891874 	51.997939 	51.985854 	0.000000 
9.891980 	51.997958 	51.985874 	0.000000 
9.892077 	51.997984 	51.985894 	0.000000 
9.892205 	51.998000 	51.985912 	0.000000 
9.892324 	51.998024 	51.985938 	0.000000 
9.892425 	51.998051 	51.985960 	0.000000 
-0.101231 	50.016903 	50.003734 	0.000000 
-0.101085 	50.016927 	50.003761 	0.000000 
-0.100936 	50.016958 	50.003792 	0.000000 
-0.100771 	50.016991 	50.003824 	0.000000 
-0.100588 	50.017027 	50.003861 	0.000000 
-0.100451 	50.017065 	50.003892 	0.000000 
-0.100345 	50.017092 	50.003920 	0.000000 
-0.100224 	50.017122 	50.003950 	0.000000 
-0.100133 	50.017145 	50.003970 	0.000000 
-0.100080 	50.017161 	50.003990 	0.000000 
-0.099980 	50.017182 	50.004010 	0.000000 
-0.099844 	50.017210 	50.004041 	0.000000 
-0.099693 	50.017239 	50.004070 	0.000000 
-0.099541 	50.017267 	50.004099 	0.000000 
-0.099460 	50.017292 	50.004122 	0.000000 
-0.099391 	50.017315 	50.004147 	0.000000 
-0.099334 	50.017331 	50.004161 	0.000000 
-0.099352 	50.017340 	50.004166 	0.000000 
-0.099434 	50.017346 	50.004174 	0.000000 
-0.099557 	50.017348 	50.004168 	0.000000 
-0.099666 	50.017333 	50.004152 	0.000000 
-0.099786 	50.017313 	50.004133 	0.000000 
-0.099845 	50.017295 	50.004119 	0.000000 
-0.099828 	50.017288 	50.004114 	0.000000 
-0.099736 	50.017290 	50.004121 	0.000000 
-0.099608 	50.017301 	50.004135 	0.000000 
-0.099425 	50.017321 	50.004160 	0.000000 
-0.099213 	50.017354 	50.004194 	0.000000 
-0.099022 	50.017389 	50.004228 	0.000000 
-0.098872 	50.017421 	50.004258 	0.000000 
-0.098762 	50.017446 	50.004279 	0.000000 
-0.098758 	50.017458 	50.004288 	0.000000 
-0.098777 	50.017464 	50.004294 	0.000000 
-0.098809 	50.017464 	50.004294 	0.000000 
-0.098805 	50.017463 	50.004293 	0.000000 
-0.098751 	50.017463 	50.004297 	0.000000 
-0.098663 	50.017473 	50.004306 	0.000000 
-0.098603 	50.017484 	50.004316 	0.000000 
-0.098507 	50.017496 	50.004331 	0.000000 
-0.098404 	50.017512 	50.004345 	0.000000 
-0.098335 	50.017522 	50.004356 	0.000000 
-0.098312 	50.017531 	50.004367 	0.000000 
-0.098305 	50.017538 	50.004374 	0.000000 
-0.098278 	50.017544 	50.004379 	0.000000 
-0.098149 	50.017553 	50.004389 	0.000000 
-0.098005 	50.017565 	50.004403 	0.000000 
-0.097858 	50.017585 	50.004424 	0.000000 
-0.097676 	50.017608 	50.004447 	0.000000 
-0.097478 	50.017632 	50.004470 	0.000000 
-0.097299 	50.017656 	50.004497 	0.000000 
-10.091127 	48.029849 	48.016060 	0.000000 
-10.090988 	48.029858 	48.016069 	0.000000 
-10.090896 	48.029873 	48.016080 	0.000000 
-10.090776 	48.029891 	48.016102 	0.000000 
-10.090618 	48.029919 	48.016132 	0.000000 
-10.090438 	48.029949 	48.016166 	0.000000 
-10.090224 	48.029986 	48.016204 	0.000000 
-10.090006 	48.030024 	48.016241 	0.000000 
-10.089760 	48.030062 	48.016284 	0.000000 
-10.089521 	48.030106 	48.016326 	0.000000 
-10.089294 	48.030146 	48.016367 	0.000000 
-10.089123 	48.030178 	48.016402 	0.000000 
-10.089009 	48.030209 	48.016431 	0.000000 
-10.088944 	48.030233 	48.016455 	0.000000 
-10.088912 	48.030261 	48.016481 	0.000000 
-10.088873 	48.030272 	48.016496 	0.000000 
-10.088840 	48.030281 	48.016509 	0.000000 
-10.088823 	48.030296 	48.016523 	0.000000 
-10.088798 	48.030305 	48.016530 	0.000000 
-10.088793 	48.030310 	48.016535 	0.000000 
-10.088802 	48.030316 	48.016536 	0.000000 
-10.088823 	48.030319 	48.016536 	0.000000 
-10.088811 	48.030317 	48.016534 	0.000000 
-10.088835 	48.030314 	48.016533 	0.000000 
-10.088844 	48.030309 	48.016529 	0.000000 
-10.088800 	48.030310 	48.016531 	0.000000 
-10.088744 	48.030313 	48.016532 	0.000000 
-10.088673 	48.030318 	48.016538 	0.000000 
-10.088552 	48.030331 	48.016555 	0.000000 
-10.088366 	48.030355 	48.016576 	0.000000 
-10.088116 	48.030383 	48.016608 	0.000000 
-10.087857 	48.030424 	48.016651 	0.000000 
-10.087536 	48.030470 	48.016700 	0.000000 
-10.087226 	48.030519 	48.016751 	0.000000 
-10.086916 	48.030573 	48.016804 	0.000000 
-10.086555 	48.030633 	48.016865 	0.000000 
-10.086134 	48.030703 	48.016933 	0.000000 
-10.085669 	48.030773 	48.017010 	0.000000 
-10.085188 	48.030857 	48.017091 	0.000000 
-10.084694 	48.030941 	48.017178 	0.000000 
-10.084222 	48.031037 	48.017275 	0.000000 
-10.083764 	48.031131 	48.017369 	0.000000 
-10.083308 	48.031219 	48.017455 	0.000000 
-10.082858 	48.031304 	48.017537 	0.000000 
-10.082453 	48.031385 	48.017616 	0.000000 
-10.082084 	48.031466 	48.017695 	0.000000 
-10.081750 	48.031546 	48.017769 	0.000000 
-10.081414 	48.031612 	48.017840 	0.000000 
-10.081119 	48.031685 	48.017912 	0.000000 
-10.080788 	48.031754 	48.017981 	0.000000 
-20.078013 	46.036936 	46.022779 	0.000000 
-20.077968 	46.036953 	46.022794 	0.000000 
-20.078004 	46.036965 	46.022807 	0.000000 
-20.078011 	46.036965 	46.022806 	0.000000 
-20.078017 	46.036968 	46.022810 	0.000000 
-20.078082 	46.036968 	46.022806 	0.000000 
-20.078144 	46.036960 	46.022802 	0.000000 
-20.078178 	46.036957 	46.022801 	0.000000 
-20.078190 	46.036955 	46.022798 	0.000000 
-20.078222 	46.036953 	46.022796 	0.000000 
-20.078232 	46.036940 	46.022780 	0.000000 
-20.078268 	46.036930 	46.022769 	0.000000 
-20.078297 	46.036922 	46.022762 	0.000000 
-20.078348 	46.036912 	46.022756 	0.000000 
-20.078406 	46.036902 	46.022745 	0.000000 
-20.078440 	46.036888 	46.022734 	0.000000 
-20.078510 	46.036877 	46.022726 	0.000000 
-20.078612 	46.036870 	46.022720 	0.000000 
-20.078722 	46.036864 	46.022715 	0.000000 
-20.078802 	46.036858 	46.022708 	0.000000 
-20.078864 	46.036855 	46.022704 	0.000000 
-20.078899 	46.036850 	46.022701 	0.000000 
-20.078912 	46.036846 	46.022700 	0.000000 
-20.078850 	46.036851 	46.022705 	0.000000 
-20.078775 	46.036854 	46.022713 	0.000000 
-20.078697 	46.036859 	46.022717 	0.000000 
-20.078598 	46.036860 	46.022720 	0.000000 
-20.078490 	46.036864 	46.022725 	0.000000 
-20.078357 	46.036880 	46.022743 	0.000000 
-20.078243 	46.036892 	46.022757 	0.000000 
-20.078092 	46.036905 	46.022778 	0.000000 
-20.077909 	46.036934 	46.022807 	0.000000 
-20.077692 	46.036964 	46.022838 	0.000000 
-20.077495 	46.037002 	46.022872 	0.000000 
-20.077276 	46.037033 	46.022906 	0.000000 
-20.077026 	46.037070 	46.022943 	0.000000 
-20.076800 	46.037109 	46.022979 	0.000000 
-20.076607 	46.037144 	46.023015 	0.000000 
-20.076435 	46.037178 	46.023049 	0.000000 
-20.076243 	46.037213 	46.023082 	0.000000 
-20.076095 	46.037250 	46.023119 	0.000000 
-20.075969 	46.037284 	46.023152 	0.000000 
-20.075869 	46.037309 	46.023178 	0.000000 
-20.075739 	46.037338 	46.023205 	0.000000 
-20.075629 	46.037368 	46.023232 	0.000000 
-20.075522 	46.037392 	46.023256 	0.000000 
-20.075416 	46.037418 	46.023279 	0.000000 
-20.075301 	46.037441 	46.023300 	0.000000 
-20.075219 	46.037458 	46.023317 	0.000000 
-20.075157 	46.037473 	46.023335 	0.000000 
-30.061317 	44.038198 	44.023866 	0.000000 
-30.061222 	44.038221 	44.023890 	0.000000 
-30.061110 	44.038240 	44.023910 	0.000000 
-30.061019 	44.038259 	44.023929 	0.000000 
-30.060936 	44.038281 	44.023954 	0.000000 
-30.060809 	44.038303 	44.023978 	0.000000 
-30.060711 	44.038325 	44.023999 	0.000000 
-30.060610 	44.038345 	44.024021 	0.000000 
-30.060527 	44.038363 	44.024040 	0.000000 
-30.060423 	44.038389 	44.024066 	0.000000 
-30.060290 	44.038417 	44.024098 	0.000000 
-30.060130 	44.038447 	44.024125 	0.000000 
-30.059989 	44.038477 	44.024154 	0.000000 
-30.059842 	44.038505 	44.024182 	0.000000 
-30.059657 	44.038533 	44.024212 	0.000000 
-30.059505 	44.038571 	44.024249 	0.000000 
-30.059368 	44.038602 	44.024280 	0.000000 
-30.059180 	44.038630 	44.024311 	0.000000 
-30.059035 	44.038662 	44.024344 	0.000000 
-30.058883 	44.038698 	44.024381 	0.000000 
-30.058728 	44.038732 	44.024418 	0.000000 
-30.058608 	44.038766 	44.024454 	0.000000 
-30.058497 	44.038800 	44.024486 	0.000000 
-30.058373 	44.038829 	44.024511 	0.000000 
-30.058247 	44.038851 	44.024533 	0.000000 
-30.058179 	44.038874 	44.024554 	0.000000 
-30.058126 	44.038891 	44.024569 	0.000000 
-30.058088 	44.038896 	44.024574 	0.000000 
-30.058048 	44.038899 	44.024581 	0.000000 
-30.057980 	44.038907 	44.024586 	0.000000 
-30.057901 	44.038913 	44.024593 	0.000000 
-30.057837 	44.038924 	44.024603 	0.000000 
-30.057773 	44.038939 	44.024619 	0.000000 
-30.057681 	44.038956 	44.024635 	0.000000 
-30.057590 	44.038969 	44.024648 	0.000000 
-30.057520 	44.038982 	44.024659 	0.000000 
-30.057435 	44.038997 	44.024673 	0.000000 
-30.057367 	44.039008 	44.024684 	0.000000 
-30.057333 	44.039020 	44.024694 	0.000000 
-30.057287 	44.039026 	44.024699 	0.000000 
-30.057263 	44.039033 	44.024705 	0.000000 
-30.057228 	44.039042 	44.024716 	0.000000 
-30.057191 	44.039052 	44.024725 	0.000000 
-30.057122 	44.039062 	44.024734 	0.000000 
-30.057036 	44.039074 	44.024746 	0.000000 
-30.056945 	44.039088 	44.024760 	0.000000 
-30.056893 	44.039105 	44.024778 	0.000000 
-30.056852 	44.039123 	44.024794 	0.000000 
-30.056773 	44.039138 	44.024808 	0.000000 
-30.056681 	44.039148 	44.024819 	0.000000 
-40.048022 	42.032293 	42.017889 	0.000000 
-40.047687 	42.032338 	42.017941 	0.000000 
-40.047357 	42.032394 	42.017996 	0.000000 
-40.047055 	42.032452 	42.018056 	0.000000 
-40.046777 	42.032516 	42.018120 	0.000000 
-40.046506 	42.032576 	42.018175 	0.000000 
-40.046249 	42.032631 	42.018228 	0.000000 
-40.046014 	42.032686 	42.018280 	0.000000 
-40.045829 	42.032738 	42.018329 	0.000000 
-40.045659 	42.032785 	42.018376 	0.000000 
-40.045459 	42.032829 	42.018420 	0.000000 
-40.045291 	42.032873 	42.018461 	0.000000 
-40.045125 	42.032912 	42.018493 	0.000000 
-40.044952 	42.032941 	42.018518 	0.000000 
-40.044769 	42.032972 	42.018548 	0.000000 
-40.044600 	42.033002 	42.018581 	0.000000 
-40.044444 	42.033046 	42.018619 	0.000000 
-40.044307 	42.033081 	42.018650 	0.000000 
-40.044202 	42.033115 	42.018678 	0.000000 
-40.044122 	42.033138 	42.018703 	0.000000 
-40.044015 	42.033161 	42.018725 	0.000000 
-40.043897 	42.033187 	42.018753 	0.000000 
-40.043780 	42.033213 	42.018771 	0.000000 
-40.043664 	42.033223 	42.018783 	0.000000 
-40.043571 	42.033237 	42.018801 	0.000000 
-40.043500 	42.033251 	42.018815 	0.000000 
-40.043423 	42.033265 	42.018832 	0.000000 
-40.043357 	42.033284 	42.018851 	0.000000 
-40.043271 	42.033300 	42.018865 	0.000000 
-40.043164 	42.033312 	42.018881 	0.000000 
-40.043060 	42.033335 	42.018908 	0.000000 
-40.042989 	42.033363 	42.018930 	0.000000 
-40.042938 	42.033382 	42.018946 	0.000000 
-40.042861 	42.033397 	42.018959 	0.000000 
-40.042774 	42.033409 	42.018968 	0.000000 
-40.042677 	42.033422 	42.018981 	0.000000 
-40.042585 	42.033434 	42.018994 	0.000000 
-40.042488 	42.033447 	42.019009 	0.000000 
-40.042397 	42.033461 	42.019023 	0.000000 
-40.042318 	42.033473 	42.019030 	0.000000 
-40.042252 	42.033479 	42.019039 	0.000000 
-40.042151 	42.033492 	42.019050 	0.000000 
-40.042099 	42.033505 	42.019069 	0.000000 
-40.042036 	42.033522 	42.019093 	0.000000 
-40.041968 	42.033535 	42.019105 	0.000000 
-40.041883 	42.033547 	42.019117 	0.000000 
-40.041819 	42.033552 	42.019124 	0.000000 
-40.041800 	42.033558 	42.019131 	0.000000 
-40.041781 	42.033560 	42.019136 	0.000000 
-40.041741 	42.033566 	42.019143 	0.000000 
-50.038354 	40.019041 	40.004576 	0.000000 
-50.038230 	40.019079 	40.004612 	0.000000 
-50.038114 	40.019115 	40.004648 	0.000000 
-50.038000 	40.019148 	40.004682 	0.000000 
-50.037829 	40.019181 	40.004714 	0.000000 
-50.037716 	40.019210 	40.004744 	0.000000 
-50.037603 	40.019239 	40.004773 	0.000000 
-50.037548 	40.019266 	40.004802 	0.000000 
-50.037449 	40.019296 	40.004834 	0.000000 
-50.037372 	40.019327 	40.004866 	0.000000 
-50.037326 	40.019358 	40.004896 	0.000000 
-50.037248 	40.019381 	40.004917 	0.000000 
-50.037165 	40.019400 	40.004938 	0.000000 
-50.037133 	40.019419 	40.004957 	0.000000 
-50.037125 	40.019434 	40.004973 	0.000000 
-50.037166 	40.019452 	40.004992 	0.000000 
-50.037235 	40.019471 	40.005012 	0.000000 
-50.037273 	40.019489 	40.005026 	0.000000 
-50.037259 	40.019501 	40.005038 	0.000000 
-50.037224 	40.019513 	40.005046 	0.000000 
-50.037131 	40.019520 	40.005053 	0.000000 
-50.037018 	40.019530 	40.005064 	0.000000 
-50.036917 	40.019541 	40.005075 	0.000000 
-50.036780 	40.019554 	40.005087 	0.000000 
-50.036620 	40.019573 	40.005105 	0.000000 
-50.036431 	40.019593 	40.005125 	0.000000 
-50.036195 	40.019616 	40.005150 	0.000000 
-50.035923 	40.019643 	40.005176 	0.000000 
-50.035724 	40.019667 	40.005200 	0.000000 
-50.035537 	40.019689 	40.005221 	0.000000 
-50.035391 	40.019713 	40.005245 	0.000000 
-50.035274 	40.019738 	40.005269 	0.000000 
-50.035149 	40.019763 	40.005293 	0.000000 
-50.035022 	40.019788 	40.005317 	0.000000 
-50.034924 	40.019814 	40.005344 	0.000000 
-50.034819 	40.019841 	40.005370 	0.000000 
-50.034723 	40.019866 	40.005395 	0.000000 
-50.034641 	40.019890 	40.005419 	0.000000 
-50.034651 	40.019912 	40.005437 	0.000000 
-50.034693 	40.019930 	40.005456 	0.000000 
-50.034702 	40.019946 	40.005467 	0.000000 
-50.034733 	40.019956 	40.005475 	0.000000 
-50.034812 	40.019967 	40.005487 	0.000000 
-50.034869 	40.019976 	40.005494 	0.000000 
-50.034937 	40.019987 	40.005505 	0.000000 
-50.034973 	40.019994 	40.005511 	0.000000 
-50.034960 	40.019998 	40.005516 	0.000000 
-50.034956 	40.020000 	40.005520 	0.000000 
-50.034985 	40.020000 	40.005523 	0.000000 
-50.034983 	40.020001 	40.005527 	0.000000 
-60.025695 	37.999955 	37.985501 	0.000000 
-60.025612 	37.999985 	37.985530 	0.000000 
-60.025572 	38.000013 	37.985559 	0.000000 
-60.025526 	38.000044 	37.985588 	0.000000 
-60.025447 	38.000073 	37.985617 	0.000000 
-60.025360 	38.000099 	37.985644 	0.000000 
-60.025241 	38.000123 	37.985668 	0.000000 
-60.025106 	38.000146 	37.985691 	0.000000 
-60.025043 	38.000169 	37.985714 	0.000000 
-60.024946 	38.000192 	37.985736 	0.000000 
-60.024832 	38.000214 	37.985758 	0.000000 
-60.024747 	38.000234 	37.985777 	0.000000 
-60.024636 	38.000256 	37.985798 	0.000000 
-60.024525 	38.000279 	37.985822 	0.000000 
-60.024449 	38.000304 	37.985846 	0.000000 
-60.024415 	38.000327 	37.985867 	0.000000 
-60.024336 	38.000348 	37.985889 	0.000000 
-60.024263 	38.000368 	37.985911 	0.000000 
-60.024191 	38.000389 	37.985931 	0.000000 
-60.024147 	38.000407 	37.985947 	0.000000 
-60.024107 	38.000424 	37.985963 	0.000000 
-60.024135 	38.000442 	37.985982 	0.000000 
-60.024096 	38.000460 	37.986000 	0.000000 
-60.023979 	38.000477 	37.986017 	0.000000 
-60.023881 	38.000495 	37.986035 	0.000000 
-60.023669 	38.000510 	37.986051 	0.000000 
-60.023648 	38.000524 	37.986064 	0.000000 
-60.023586 	38.000538 	37.986080 	0.000000 
-60.023528 	38.000553 	37.986095 	0.000000 
-60.023443 	38.000571 	37.986112 	0.000000 
-60.023367 	38.000585 	37.986128 	0.000000 
-60.023318 	38.000601 	37.986145 	0.000000 
-60.023258 	38.000619 	37.986163 	0.000000 
-60.023181 	38.000634 	37.986179 	0.000000 
-60.023093 	38.000649 	37.986193 	0.000000 
-60.023007 	38.000661 	37.986205 	0.000000 
-60.022955 	38.000675 	37.986221 	0.000000 
-60.022915 	38.000689 	37.986236 	0.000000 
-60.022833 	38.000703 	37.986251 	0.000000 
-60.022796 	38.000713 	37.986262 	0.000000 
-60.022761 	38.000722 	37.986272 	0.000000 
-60.022728 	38.000733 	37.986283 	0.000000 
-60.022689 	38.000746 	37.986297 	0.000000 
-60.022633 	38.000756 	37.986308 	0.000000 
-60.022558 	38.000766 	37.986319 	0.000000 
-60.022490 	38.000777 	37.986330 	0.000000 
-60.022441 	38.000789 	37.986342 	0.000000 
-60.022355 	38.000804 	37.986356 	0.000000 
-60.022266 	38.000818 	37.986372 	0.000000 
-60.022165 	38.000835 	37.986389 	0.000000 
