1/11/2013 7:53 AM
nDataPerSetPoint: 40
Temperature Calibration
Reference(C), FastResp 2932(Ohm)
29.877648 	56.186612 
29.877598 	56.186556 
29.877582 	56.186471 
29.877586 	56.186418 
29.877616 	56.186394 
29.877665 	56.186394 
29.877715 	56.186380 
29.877748 	56.186406 
29.877741 	56.186419 
29.877703 	56.186433 
29.877616 	56.186433 
29.877503 	56.186395 
29.877384 	56.186372 
29.877384 	56.186348 
29.877074 	56.186316 
29.876878 	56.186285 
29.876878 	56.186226 
29.876446 	56.186193 
29.876259 	56.186154 
29.876109 	56.186088 
29.875977 	56.186045 
29.875860 	56.186005 
29.875750 	56.185971 
29.875656 	56.185945 
29.875575 	56.185934 
29.875515 	56.185933 
29.875453 	56.185961 
29.875362 	56.185995 
29.875273 	56.186013 
29.875176 	56.186031 
29.875056 	56.186044 
29.874911 	56.186038 
29.874746 	56.186077 
29.874562 	56.186069 
29.874355 	56.186052 
29.874146 	56.186019 
29.873956 	56.185981 
29.873782 	56.185887 
29.873782 	56.185831 
29.873519 	56.185769 
19.862577 	54.197682 
19.862873 	54.197764 
19.863179 	54.197816 
19.863466 	54.197893 
19.863774 	54.197921 
19.864088 	54.197972 
19.864380 	54.198024 
19.864660 	54.198091 
19.864947 	54.198148 
19.865249 	54.198210 
19.865583 	54.198284 
19.865926 	54.198376 
19.866223 	54.198441 
19.866502 	54.198511 
19.866776 	54.198534 
19.867022 	54.198590 
19.867252 	54.198644 
19.867464 	54.198695 
19.867653 	54.198749 
19.867840 	54.198768 
19.868055 	54.198761 
19.868254 	54.198757 
19.868435 	54.198800 
19.868593 	54.198835 
19.868744 	54.198899 
19.868880 	54.198960 
19.869029 	54.198995 
19.869205 	54.199041 
19.869358 	54.199087 
19.869482 	54.199142 
19.869585 	54.199177 
19.869707 	54.199192 
19.869815 	54.199221 
19.869908 	54.199198 
19.869979 	54.199202 
19.870032 	54.199205 
19.870095 	54.199216 
19.870173 	54.199230 
19.870269 	54.199244 
19.870353 	54.199264 
9.885698 	52.210252 
9.886036 	52.210320 
9.886377 	52.210390 
9.886726 	52.210450 
9.887046 	52.210503 
9.887327 	52.210556 
9.887585 	52.210603 
9.887817 	52.210652 
9.888002 	52.210642 
9.888183 	52.210674 
9.888327 	52.210684 
9.888446 	52.210688 
9.888540 	52.210698 
9.888616 	52.210741 
9.888655 	52.210769 
9.888669 	52.210752 
9.888661 	52.210748 
9.888621 	52.210744 
9.888560 	52.210719 
9.888560 	52.210705 
9.888363 	52.210679 
9.888244 	52.210657 
9.888121 	52.210645 
9.888011 	52.210603 
9.887913 	52.210592 
9.887801 	52.210579 
9.887703 	52.210611 
9.887621 	52.210614 
9.887558 	52.210547 
9.887522 	52.210495 
9.887513 	52.210491 
9.887518 	52.210473 
9.887518 	52.210454 
9.887572 	52.210448 
9.887572 	52.210463 
9.887701 	52.210477 
9.887809 	52.210491 
9.887933 	52.210512 
9.888075 	52.210572 
9.888239 	52.210608 
-0.108997 	50.213113 
-0.108614 	50.213181 
-0.108220 	50.213236 
-0.107852 	50.213273 
-0.107495 	50.213360 
-0.107183 	50.213405 
-0.106896 	50.213513 
-0.106634 	50.213578 
-0.106384 	50.213636 
-0.106144 	50.213696 
-0.105923 	50.213753 
-0.105757 	50.213803 
-0.105640 	50.213811 
-0.105543 	50.213858 
-0.105453 	50.213883 
-0.105381 	50.213882 
-0.105323 	50.213873 
-0.105267 	50.213880 
-0.105223 	50.213882 
-0.105186 	50.213926 
-0.105143 	50.213983 
-0.105078 	50.214020 
-0.105021 	50.214074 
-0.104966 	50.214159 
-0.104909 	50.214240 
-0.104851 	50.214291 
-0.104778 	50.214330 
-0.104701 	50.214383 
-0.104624 	50.214414 
-0.104534 	50.214414 
-0.104438 	50.214424 
-0.104327 	50.214428 
-0.104207 	50.214447 
-0.104091 	50.214507 
-0.103938 	50.214538 
-0.103764 	50.214553 
-0.103569 	50.214539 
-0.103357 	50.214574 
-0.103147 	50.214626 
-0.102924 	50.214664 
-10.088954 	48.212663 
-10.088785 	48.212748 
-10.088674 	48.212784 
-10.088597 	48.212815 
-10.088551 	48.212874 
-10.088524 	48.212926 
-10.088470 	48.212979 
-10.088418 	48.213023 
-10.088390 	48.213057 
-10.088350 	48.213075 
-10.088301 	48.213044 
-10.088253 	48.213057 
-10.088220 	48.213073 
-10.088190 	48.213090 
-10.088167 	48.213110 
-10.088141 	48.213133 
-10.088124 	48.213156 
-10.088117 	48.213169 
-10.088107 	48.213196 
-10.088094 	48.213220 
-10.088075 	48.213189 
-10.088060 	48.213156 
-10.088061 	48.213142 
-10.088080 	48.213131 
-10.088104 	48.213129 
-10.088137 	48.213112 
-10.088160 	48.213081 
-10.088178 	48.213063 
-10.088200 	48.213019 
-10.088210 	48.212994 
-10.088205 	48.212981 
-10.088196 	48.212923 
-10.088180 	48.212912 
-10.088153 	48.212916 
-10.088122 	48.212902 
-10.088065 	48.212894 
-10.088025 	48.212888 
-10.088001 	48.212885 
-10.087975 	48.212886 
-10.087975 	48.212887 
-20.084103 	46.202086 
-20.083840 	46.202133 
-20.083603 	46.202162 
-20.083406 	46.202186 
-20.083242 	46.202140 
-20.083112 	46.202104 
-20.083012 	46.202101 
-20.082961 	46.202118 
-20.082914 	46.202108 
-20.082874 	46.202102 
-20.082825 	46.202119 
-20.082759 	46.202137 
-20.082680 	46.202151 
-20.082575 	46.202177 
-20.082439 	46.202203 
-20.082283 	46.202238 
-20.082104 	46.202293 
-20.081895 	46.202324 
-20.081699 	46.202361 
-20.081505 	46.202409 
-20.081302 	46.202452 
-20.081102 	46.202500 
-20.080920 	46.202507 
-20.080776 	46.202532 
-20.080657 	46.202550 
-20.080555 	46.202581 
-20.080475 	46.202605 
-20.080394 	46.202593 
-20.080325 	46.202601 
-20.080226 	46.202636 
-20.080115 	46.202714 
-20.079952 	46.202769 
-20.079781 	46.202805 
-20.079581 	46.202840 
-20.079581 	46.202911 
-20.079162 	46.202989 
-20.078970 	46.203042 
-20.078782 	46.203075 
-20.078587 	46.203128 
-20.078412 	46.203179 
-30.062769 	44.188100 
-30.062435 	44.188195 
-30.062107 	44.188285 
-30.061781 	44.188372 
-30.061454 	44.188511 
-30.061121 	44.188648 
-30.060776 	44.188742 
-30.060425 	44.188806 
-30.060047 	44.188852 
-30.059670 	44.188886 
-30.059310 	44.188943 
-30.058956 	44.188975 
-30.058614 	44.189031 
-30.058295 	44.189054 
-30.057999 	44.189086 
-30.057730 	44.189108 
-30.057485 	44.189148 
-30.057270 	44.189182 
-30.057099 	44.189208 
-30.056942 	44.189235 
-30.056830 	44.189235 
-30.056755 	44.189248 
-30.056691 	44.189282 
-30.056646 	44.189289 
-30.056608 	44.189291 
-30.056565 	44.189301 
-30.056528 	44.189275 
-30.056494 	44.189252 
-30.056495 	44.189255 
-30.056516 	44.189257 
-30.056564 	44.189317 
-30.056625 	44.189339 
-30.056706 	44.189351 
-30.056807 	44.189322 
-30.056922 	44.189326 
-30.057042 	44.189335 
-30.057190 	44.189318 
-30.057355 	44.189330 
-30.057534 	44.189327 
-30.057713 	44.189329 
-40.052023 	42.165917 
-40.051887 	42.165915 
-40.051746 	42.165909 
-40.051596 	42.165897 
-40.051449 	42.165884 
-40.051307 	42.165889 
-40.051151 	42.165902 
-40.050993 	42.165896 
-40.050847 	42.165891 
-40.050695 	42.165892 
-40.050553 	42.165921 
-40.050411 	42.165946 
-40.050260 	42.166010 
-40.050111 	42.166072 
-40.049955 	42.166112 
-40.049795 	42.166148 
-40.049639 	42.166192 
-40.049474 	42.166240 
-40.049321 	42.166290 
-40.049162 	42.166324 
-40.048985 	42.166359 
-40.048798 	42.166424 
-40.048622 	42.166479 
-40.048455 	42.166470 
-40.048309 	42.166442 
-40.048176 	42.166452 
-40.048048 	42.166476 
-40.047916 	42.166513 
-40.047778 	42.166568 
-40.047651 	42.166612 
-40.047498 	42.166657 
-40.047345 	42.166733 
-40.047190 	42.166795 
-40.047028 	42.166867 
-40.046861 	42.166926 
-40.046689 	42.166975 
-40.046508 	42.167039 
-40.046309 	42.167120 
-40.046078 	42.167201 
-40.045855 	42.167280 
-50.046442 	40.136441 
-50.046348 	40.136374 
-50.046249 	40.136212 
-50.046133 	40.136147 
-50.046004 	40.136147 
-50.045877 	40.136156 
-50.045739 	40.136214 
-50.045578 	40.136184 
-50.045399 	40.136187 
-50.045196 	40.136155 
-50.044981 	40.136136 
-50.044752 	40.136133 
-50.044484 	40.136214 
-50.044174 	40.136196 
-50.043812 	40.136203 
-50.043408 	40.136219 
-50.042972 	40.136243 
-50.042496 	40.136315 
-50.041992 	40.136364 
-50.041465 	40.136451 
-50.040902 	40.136591 
-50.040321 	40.136696 
-50.039725 	40.136727 
-50.039123 	40.136798 
-50.038516 	40.136896 
-50.037914 	40.137059 
-50.037327 	40.137194 
-50.036740 	40.137299 
-50.036166 	40.137429 
-50.035632 	40.137626 
-50.035130 	40.137821 
-50.034668 	40.138003 
-50.034230 	40.138232 
-50.033843 	40.138402 
-50.033507 	40.138516 
-50.033209 	40.138593 
-50.032962 	40.138588 
-50.032769 	40.138610 
-50.032647 	40.138655 
-50.032581 	40.138694 
-60.019789 	38.102902 
-60.019711 	38.102898 
-60.019642 	38.102887 
-60.019601 	38.102864 
-60.019567 	38.102841 
-60.019532 	38.102827 
-60.019510 	38.102783 
-60.019483 	38.102825 
-60.019471 	38.102770 
-60.019465 	38.102738 
-60.019457 	38.102720 
-60.019444 	38.102677 
-60.019425 	38.102709 
-60.019388 	38.102715 
-60.019363 	38.102755 
-60.019328 	38.102805 
-60.019307 	38.102731 
-60.019290 	38.102739 
-60.019300 	38.102790 
-60.019318 	38.102940 
-60.019293 	38.103069 
-60.019248 	38.103136 
-60.019185 	38.103176 
-60.019114 	38.103212 
-60.019053 	38.103255 
-60.018986 	38.103265 
-60.018926 	38.103226 
-60.018864 	38.103199 
-60.018797 	38.103182 
-60.018737 	38.103208 
-60.018665 	38.103227 
-60.018609 	38.103249 
-60.018547 	38.103267 
-60.018467 	38.103269 
-60.018369 	38.103121 
-60.018298 	38.103056 
-60.018238 	38.103064 
-60.018190 	38.103078 
-60.018143 	38.103150 
-60.018101 	38.103220 
