12/16/2019 2:53 PM
nDataPerSetPoint: 50 
RAF Cal T_121619
Reference (C), Heated 630393A(Ohm), Heated 630393B(Ohm)
39.608285 	57.830332 	57.824257
39.608099 	57.830303 	57.824223
39.607922 	57.830266 	57.824187
39.607760 	57.830233 	57.824156
39.607590 	57.830202 	57.824123
39.607435 	57.830162 	57.824081
39.607293 	57.830129 	57.824052
39.607152 	57.830104 	57.824023
39.607034 	57.830075 	57.823999
39.606939 	57.830060 	57.823985
39.606846 	57.830045 	57.823962
39.606776 	57.830028 	57.823947
39.606724 	57.830017 	57.823934
39.606667 	57.830010 	57.823921
39.606609 	57.829996 	57.823908
39.606577 	57.829986 	57.823902
39.606563 	57.829981 	57.823895
39.606553 	57.829976 	57.823889
39.606569 	57.829972 	57.823890
39.606605 	57.829979 	57.823902
39.606647 	57.829982 	57.823908
39.606711 	57.829996 	57.823924
39.606758 	57.830004 	57.823937
39.606833 	57.830023 	57.823957
39.606925 	57.830051 	57.823990
39.607032 	57.830079 	57.824019
39.607174 	57.830102 	57.824047
39.607343 	57.830136 	57.824080
39.607541 	57.830168 	57.824112
39.607737 	57.830207 	57.824155
39.607974 	57.830252 	57.824198
39.608253 	57.830301 	57.824247
39.608549 	57.830348 	57.824301
39.608864 	57.830403 	57.824357
39.609187 	57.830461 	57.824420
39.609508 	57.830530 	57.824494
39.609834 	57.830603 	57.824561
39.610164 	57.830666 	57.824625
39.610499 	57.830735 	57.824699
39.610826 	57.830803 	57.824767
39.611163 	57.830864 	57.824835
39.611506 	57.830937 	57.824906
39.611849 	57.831002 	57.824975
39.612199 	57.831073 	57.825047
39.612524 	57.831142 	57.825115
39.612834 	57.831208 	57.825175
39.613105 	57.831265 	57.825231
39.613363 	57.831316 	57.825280
39.613575 	57.831364 	57.825326
39.613760 	57.831397 	57.825355
29.610737 	55.863443 	55.857721
29.610841 	55.863467 	55.857745
29.610938 	55.863491 	55.857763
29.611038 	55.863511 	55.857784
29.611130 	55.863536 	55.857808
29.611222 	55.863552 	55.857824
29.611296 	55.863556 	55.857830
29.611353 	55.863563 	55.857836
29.611380 	55.863563 	55.857835
29.611371 	55.863550 	55.857822
29.611342 	55.863530 	55.857808
29.611297 	55.863516 	55.857795
29.611256 	55.863501 	55.857785
29.611212 	55.863493 	55.857779
29.611185 	55.863489 	55.857775
29.611176 	55.863483 	55.857771
29.611173 	55.863483 	55.857769
29.611178 	55.863479 	55.857761
29.611182 	55.863473 	55.857754
29.611177 	55.863464 	55.857746
29.611148 	55.863458 	55.857743
29.611108 	55.863452 	55.857742
29.611064 	55.863447 	55.857733
29.611043 	55.863445 	55.857729
29.611031 	55.863445 	55.857725
29.611049 	55.863441 	55.857732
29.611089 	55.863463 	55.857753
29.611163 	55.863492 	55.857780
29.611250 	55.863519 	55.857810
29.611348 	55.863546 	55.857839
29.611456 	55.863562 	55.857857
29.611563 	55.863584 	55.857879
29.611676 	55.863603 	55.857903
29.611785 	55.863629 	55.857924
29.611894 	55.863648 	55.857944
29.611996 	55.863672 	55.857968
29.612117 	55.863701 	55.858000
29.612253 	55.863736 	55.858036
29.612407 	55.863770 	55.858070
29.612576 	55.863800 	55.858106
29.612744 	55.863841 	55.858144
29.612896 	55.863872 	55.858173
29.613029 	55.863895 	55.858200
29.613145 	55.863919 	55.858217
29.613241 	55.863930 	55.858231
29.613322 	55.863949 	55.858246
29.613404 	55.863964 	55.858264
29.613479 	55.863985 	55.858288
29.613566 	55.864011 	55.858318
29.613661 	55.864040 	55.858345
19.626379 	53.893054 	53.888619
19.626491 	53.893083 	53.888645
19.626609 	53.893109 	53.888673
19.626727 	53.893132 	53.888698
19.626858 	53.893159 	53.888728
19.626987 	53.893187 	53.888754
19.627122 	53.893210 	53.888774
19.627245 	53.893237 	53.888801
19.627352 	53.893263 	53.888827
19.627439 	53.893289 	53.888852
19.627520 	53.893312 	53.888871
19.627619 	53.893329 	53.888887
19.627720 	53.893349 	53.888908
19.627823 	53.893376 	53.888935
19.627952 	53.893396 	53.888956
19.628092 	53.893416 	53.888976
19.628245 	53.893445 	53.889004
19.628392 	53.893475 	53.889032
19.628518 	53.893508 	53.889057
19.628640 	53.893531 	53.889084
19.628747 	53.893553 	53.889105
19.628843 	53.893566 	53.889121
19.628929 	53.893580 	53.889134
19.629015 	53.893591 	53.889143
19.629105 	53.893602 	53.889154
19.629195 	53.893617 	53.889172
19.629298 	53.893638 	53.889195
19.629408 	53.893658 	53.889217
19.629518 	53.893682 	53.889238
19.629622 	53.893704 	53.889258
19.629698 	53.893718 	53.889269
19.629748 	53.893725 	53.889278
19.629757 	53.893729 	53.889282
19.629729 	53.893727 	53.889277
19.629673 	53.893717 	53.889267
19.629638 	53.893707 	53.889258
19.629600 	53.893695 	53.889249
19.629576 	53.893690 	53.889243
19.629576 	53.893689 	53.889245
19.629596 	53.893695 	53.889253
19.629616 	53.893700 	53.889263
19.629638 	53.893712 	53.889273
19.629679 	53.893718 	53.889280
19.629702 	53.893724 	53.889290
19.629727 	53.893730 	53.889295
19.629745 	53.893735 	53.889305
19.629756 	53.893741 	53.889310
19.629773 	53.893743 	53.889313
19.629807 	53.893737 	53.889315
19.629843 	53.893741 	53.889321
9.637193 	51.915849 	51.912989
9.637060 	51.915833 	51.912974
9.636913 	51.915814 	51.912959
9.636799 	51.915805 	51.912952
9.636700 	51.915790 	51.912938
9.636609 	51.915782 	51.912932
9.636527 	51.915777 	51.912925
9.636480 	51.915766 	51.912911
9.636463 	51.915752 	51.912901
9.636456 	51.915743 	51.912894
9.636473 	51.915741 	51.912897
9.636512 	51.915751 	51.912909
9.636580 	51.915767 	51.912922
9.636671 	51.915781 	51.912938
9.636792 	51.915802 	51.912954
9.636925 	51.915820 	51.912972
9.637082 	51.915840 	51.912991
9.637238 	51.915872 	51.913019
9.637401 	51.915898 	51.913045
9.637567 	51.915925 	51.913071
9.637728 	51.915950 	51.913095
9.637885 	51.915976 	51.913121
9.638040 	51.915998 	51.913146
9.638208 	51.916031 	51.913176
9.638380 	51.916062 	51.913206
9.638569 	51.916099 	51.913239
9.638771 	51.916135 	51.913273
9.638975 	51.916175 	51.913316
9.639163 	51.916215 	51.913353
9.639342 	51.916252 	51.913383
9.639494 	51.916279 	51.913406
9.639639 	51.916295 	51.913420
9.639770 	51.916308 	51.913432
9.639842 	51.916317 	51.913439
9.639889 	51.916328 	51.913452
9.639919 	51.916337 	51.913459
9.639947 	51.916344 	51.913469
9.639962 	51.916357 	51.913489
9.639973 	51.916378 	51.913505
9.640023 	51.916398 	51.913524
9.640074 	51.916412 	51.913536
9.640119 	51.916415 	51.913542
9.640156 	51.916416 	51.913544
9.640181 	51.916419 	51.913548
9.640192 	51.916422 	51.913554
9.640203 	51.916429 	51.913562
9.640198 	51.916441 	51.913574
9.640204 	51.916447 	51.913580
9.640223 	51.916456 	51.913590
9.640241 	51.916464 	51.913600
-0.338956 	49.936868 	49.935475
-0.338754 	49.936910 	49.935516
-0.338592 	49.936947 	49.935552
-0.338456 	49.936974 	49.935574
-0.338372 	49.936980 	49.935574
-0.338328 	49.936978 	49.935568
-0.338332 	49.936967 	49.935561
-0.338356 	49.936955 	49.935548
-0.338394 	49.936944 	49.935546
-0.338403 	49.936944 	49.935550
-0.338401 	49.936946 	49.935555
-0.338385 	49.936952 	49.935563
-0.338369 	49.936961 	49.935578
-0.338336 	49.936971 	49.935588
-0.338310 	49.936979 	49.935595
-0.338290 	49.936991 	49.935606
-0.338279 	49.937001 	49.935613
-0.338260 	49.936995 	49.935607
-0.338264 	49.936992 	49.935605
-0.338267 	49.936991 	49.935607
-0.338233 	49.937002 	49.935616
-0.338160 	49.937014 	49.935625
-0.338070 	49.937028 	49.935642
-0.337971 	49.937044 	49.935661
-0.337868 	49.937063 	49.935676
-0.337769 	49.937076 	49.935691
-0.337705 	49.937087 	49.935699
-0.337676 	49.937092 	49.935707
-0.337673 	49.937094 	49.935710
-0.337681 	49.937100 	49.935718
-0.337666 	49.937106 	49.935726
-0.337625 	49.937120 	49.935740
-0.337551 	49.937136 	49.935756
-0.337451 	49.937152 	49.935775
-0.337314 	49.937186 	49.935812
-0.337164 	49.937220 	49.935842
-0.337017 	49.937249 	49.935872
-0.336882 	49.937278 	49.935903
-0.336772 	49.937305 	49.935922
-0.336715 	49.937322 	49.935934
-0.336701 	49.937321 	49.935927
-0.336708 	49.937314 	49.935923
-0.336727 	49.937309 	49.935915
-0.336752 	49.937308 	49.935912
-0.336760 	49.937304 	49.935910
-0.336752 	49.937306 	49.935909
-0.336695 	49.937304 	49.935911
-0.336618 	49.937320 	49.935925
-0.336524 	49.937332 	49.935937
-0.336446 	49.937342 	49.935944
-10.307216 	47.954860 	47.955791
-10.307488 	47.954806 	47.955740
-10.307785 	47.954750 	47.955688
-10.308103 	47.954693 	47.955632
-10.308427 	47.954635 	47.955586
-10.308761 	47.954581 	47.955532
-10.309088 	47.954517 	47.955470
-10.309404 	47.954456 	47.955399
-10.309722 	47.954384 	47.955330
-10.310049 	47.954308 	47.955257
-10.310389 	47.954231 	47.955176
-10.310757 	47.954156 	47.955102
-10.311117 	47.954081 	47.955031
-10.311495 	47.954007 	47.954955
-10.311859 	47.953936 	47.954884
-10.312212 	47.953872 	47.954815
-10.312542 	47.953806 	47.954749
-10.312848 	47.953737 	47.954682
-10.313125 	47.953672 	47.954613
-10.313374 	47.953612 	47.954556
-10.313589 	47.953564 	47.954502
-10.313760 	47.953511 	47.954447
-10.313917 	47.953465 	47.954408
-10.314071 	47.953427 	47.954367
-10.314190 	47.953401 	47.954347
-10.314273 	47.953383 	47.954326
-10.314300 	47.953364 	47.954305
-10.314301 	47.953365 	47.954304
-10.314256 	47.953378 	47.954318
-10.314159 	47.953398 	47.954341
-10.314028 	47.953429 	47.954372
-10.313836 	47.953462 	47.954398
-10.313606 	47.953487 	47.954421
-10.313323 	47.953540 	47.954473
-10.312995 	47.953613 	47.954547
-10.312626 	47.953682 	47.954621
-10.312224 	47.953759 	47.954697
-10.311821 	47.953839 	47.954788
-10.311398 	47.953934 	47.954879
-10.310938 	47.954032 	47.954972
-10.310452 	47.954131 	47.955073
-10.309952 	47.954230 	47.955171
-10.309473 	47.954332 	47.955269
-10.309004 	47.954423 	47.955356
-10.308579 	47.954499 	47.955428
-10.308182 	47.954566 	47.955490
-10.307821 	47.954631 	47.955552
-10.307514 	47.954688 	47.955610
-10.307236 	47.954737 	47.955659
-10.306999 	47.954783 	47.955710
-20.295386 	45.962955 	45.966027
-20.295198 	45.962996 	45.966067
-20.295008 	45.963040 	45.966114
-20.294806 	45.963078 	45.966152
-20.294604 	45.963110 	45.966190
-20.294413 	45.963142 	45.966232
-20.294235 	45.963182 	45.966275
-20.294079 	45.963227 	45.966323
-20.293959 	45.963269 	45.966367
-20.293853 	45.963310 	45.966397
-20.293741 	45.963341 	45.966434
-20.293632 	45.963367 	45.966462
-20.293523 	45.963392 	45.966486
-20.293426 	45.963416 	45.966512
-20.293350 	45.963445 	45.966534
-20.293297 	45.963452 	45.966536
-20.293242 	45.963455 	45.966541
-20.293196 	45.963466 	45.966550
-20.293189 	45.963472 	45.966558
-20.293198 	45.963475 	45.966568
-20.293238 	45.963474 	45.966568
-20.293280 	45.963468 	45.966568
-20.293329 	45.963461 	45.966566
-20.293363 	45.963451 	45.966551
-20.293363 	45.963435 	45.966539
-20.293317 	45.963422 	45.966531
-20.293240 	45.963411 	45.966530
-20.293134 	45.963424 	45.966551
-20.293036 	45.963439 	45.966571
-20.292953 	45.963452 	45.966574
-20.292882 	45.963462 	45.966581
-20.292821 	45.963471 	45.966588
-20.292751 	45.963480 	45.966594
-20.292707 	45.963494 	45.966609
-20.292671 	45.963513 	45.966625
-20.292625 	45.963529 	45.966636
-20.292590 	45.963538 	45.966643
-20.292570 	45.963547 	45.966646
-20.292555 	45.963549 	45.966643
-20.292560 	45.963546 	45.966654
-20.292587 	45.963550 	45.966655
-20.292630 	45.963551 	45.966651
-20.292685 	45.963544 	45.966645
-20.292723 	45.963533 	45.966634
-20.292729 	45.963520 	45.966626
-20.292720 	45.963527 	45.966632
-20.292739 	45.963528 	45.966625
-20.292756 	45.963520 	45.966617
-20.292753 	45.963515 	45.966611
-20.292741 	45.963515 	45.966611
-30.271805 	43.967289 	43.972200
-30.271705 	43.967300 	43.972204
-30.271624 	43.967311 	43.972221
-30.271555 	43.967332 	43.972229
-30.271511 	43.967334 	43.972218
-30.271475 	43.967334 	43.972214
-30.271464 	43.967349 	43.972220
-30.271447 	43.967349 	43.972223
-30.271446 	43.967362 	43.972224
-30.271461 	43.967357 	43.972227
-30.271506 	43.967360 	43.972220
-30.271578 	43.967354 	43.972209
-30.271671 	43.967345 	43.972190
-30.271786 	43.967318 	43.972168
-30.271911 	43.967295 	43.972147
-30.272066 	43.967273 	43.972112
-30.272237 	43.967245 	43.972085
-30.272430 	43.967222 	43.972059
-30.272649 	43.967188 	43.972023
-30.272867 	43.967158 	43.971994
-30.273087 	43.967125 	43.971964
-30.273308 	43.967077 	43.971923
-30.273535 	43.967036 	43.971880
-30.273750 	43.966990 	43.971840
-30.273966 	43.966949 	43.971800
-30.274185 	43.966906 	43.971756
-30.274400 	43.966858 	43.971713
-30.274619 	43.966815 	43.971670
-30.274818 	43.966779 	43.971634
-30.274996 	43.966758 	43.971616
-30.275173 	43.966742 	43.971601
-30.275327 	43.966711 	43.971574
-30.275471 	43.966693 	43.971554
-30.275601 	43.966670 	43.971534
-30.275704 	43.966646 	43.971525
-30.275782 	43.966631 	43.971508
-30.275837 	43.966604 	43.971485
-30.275880 	43.966579 	43.971463
-30.275893 	43.966561 	43.971458
-30.275899 	43.966567 	43.971458
-30.275883 	43.966548 	43.971440
-30.275840 	43.966536 	43.971432
-30.275785 	43.966522 	43.971432
-30.275723 	43.966540 	43.971453
-30.275648 	43.966555 	43.971470
-30.275554 	43.966571 	43.971490
-30.275443 	43.966572 	43.971499
-30.275318 	43.966587 	43.971513
-30.275193 	43.966596 	43.971524
-30.275062 	43.966612 	43.971538
-40.249788 	41.964854 	41.971152
-40.249714 	41.964864 	41.971156
-40.249661 	41.964867 	41.971166
-40.249610 	41.964867 	41.971178
-40.249532 	41.964886 	41.971203
-40.249446 	41.964906 	41.971223
-40.249364 	41.964932 	41.971246
-40.249279 	41.964947 	41.971256
-40.249191 	41.964947 	41.971253
-40.249109 	41.964968 	41.971265
-40.249028 	41.964975 	41.971273
-40.248938 	41.965002 	41.971293
-40.248843 	41.965029 	41.971311
-40.248746 	41.965052 	41.971323
-40.248640 	41.965052 	41.971337
-40.248535 	41.965075 	41.971379
-40.248426 	41.965100 	41.971409
-40.248317 	41.965110 	41.971436
-40.248178 	41.965148 	41.971491
-40.248021 	41.965191 	41.971529
-40.247866 	41.965219 	41.971555
-40.247729 	41.965249 	41.971585
-40.247613 	41.965276 	41.971612
-40.247530 	41.965300 	41.971620
-40.247454 	41.965277 	41.971623
-40.247401 	41.965291 	41.971638
-40.247369 	41.965306 	41.971651
-40.247354 	41.965305 	41.971650
-40.247370 	41.965289 	41.971644
-40.247398 	41.965279 	41.971645
-40.247454 	41.965266 	41.971621
-40.247522 	41.965244 	41.971609
-40.247602 	41.965212 	41.971589
-40.247695 	41.965194 	41.971564
-40.247836 	41.965159 	41.971528
-40.248008 	41.965103 	41.971484
-40.248187 	41.965055 	41.971442
-40.248373 	41.965009 	41.971398
-40.248534 	41.964975 	41.971376
-40.248713 	41.964940 	41.971343
-40.248906 	41.964910 	41.971316
-40.249101 	41.964880 	41.971291
-40.249294 	41.964838 	41.971249
-40.249477 	41.964801 	41.971216
-40.249654 	41.964769 	41.971182
-40.249826 	41.964738 	41.971131
-40.249990 	41.964695 	41.971096
-40.250147 	41.964661 	41.971066
-40.250331 	41.964633 	41.971014
-40.250524 	41.964588 	41.970977
-50.233331 	39.954412 	39.961265
-50.233255 	39.954448 	39.961300
-50.233172 	39.954475 	39.961333
-50.233093 	39.954492 	39.961358
-50.233010 	39.954515 	39.961385
-50.232946 	39.954534 	39.961407
-50.232877 	39.954552 	39.961421
-50.232803 	39.954566 	39.961436
-50.232732 	39.954579 	39.961450
-50.232660 	39.954576 	39.961456
-50.232614 	39.954571 	39.961450
-50.232600 	39.954564 	39.961442
-50.232623 	39.954564 	39.961430
-50.232670 	39.954547 	39.961402
-50.232744 	39.954527 	39.961372
-50.232844 	39.954499 	39.961346
-50.232959 	39.954472 	39.961323
-50.233081 	39.954453 	39.961307
-50.233196 	39.954434 	39.961288
-50.233330 	39.954418 	39.961283
-50.233484 	39.954394 	39.961260
-50.233638 	39.954387 	39.961234
-50.233777 	39.954367 	39.961212
-50.233940 	39.954351 	39.961180
-50.234106 	39.954350 	39.961158
-50.234260 	39.954343 	39.961138
-50.234419 	39.954323 	39.961107
-50.234564 	39.954295 	39.961076
-50.234692 	39.954265 	39.961044
-50.234808 	39.954240 	39.961014
-50.234884 	39.954202 	39.960982
-50.234907 	39.954179 	39.960959
-50.234901 	39.954170 	39.960947
-50.234876 	39.954170 	39.960946
-50.234853 	39.954172 	39.960949
-50.234799 	39.954178 	39.960951
-50.234728 	39.954183 	39.960960
-50.234644 	39.954194 	39.960972
-50.234547 	39.954205 	39.960980
-50.234445 	39.954219 	39.960996
-50.234310 	39.954234 	39.961018
-50.234153 	39.954260 	39.961047
-50.233969 	39.954290 	39.961095
-50.233769 	39.954347 	39.961160
-50.233535 	39.954403 	39.961224
-50.233304 	39.954464 	39.961286
-50.233063 	39.954494 	39.961293
-50.232818 	39.954520 	39.961311
-50.232582 	39.954550 	39.961340
-50.232330 	39.954584 	39.961369
-60.212138 	37.937473 	37.944373
-60.211717 	37.937509 	37.944406
-60.211263 	37.937546 	37.944440
-60.210843 	37.937581 	37.944472
-60.210458 	37.937613 	37.944501
-60.210106 	37.937644 	37.944531
-60.209782 	37.937679 	37.944566
-60.209469 	37.937726 	37.944612
-60.209174 	37.937781 	37.944645
-60.208907 	37.937835 	37.944682
-60.208673 	37.937888 	37.944714
-60.208469 	37.937944 	37.944750
-60.208302 	37.937999 	37.944793
-60.208210 	37.938053 	37.944835
-60.208174 	37.938099 	37.944873
-60.208169 	37.938127 	37.944898
-60.208191 	37.938152 	37.944921
-60.208289 	37.938175 	37.944941
-60.208401 	37.938194 	37.944956
-60.208557 	37.938211 	37.944970
-60.208783 	37.938220 	37.944976
-60.208961 	37.938227 	37.944984
-60.209130 	37.938235 	37.944993
-60.209343 	37.938243 	37.944997
-60.209543 	37.938240 	37.944995
-60.209752 	37.938231 	37.944983
-60.209974 	37.938208 	37.944961
-60.210191 	37.938182 	37.944935
-60.210432 	37.938154 	37.944909
-60.210682 	37.938125 	37.944884
-60.210922 	37.938099 	37.944859
-60.211136 	37.938074 	37.944836
-60.211329 	37.938049 	37.944815
-60.211485 	37.938028 	37.944796
-60.211619 	37.938011 	37.944780
-60.211729 	37.937992 	37.944762
-60.211839 	37.937972 	37.944743
-60.211908 	37.937953 	37.944722
-60.211935 	37.937933 	37.944705
-60.211909 	37.937916 	37.944690
-60.211824 	37.937903 	37.944679
-60.211690 	37.937893 	37.944671
-60.211529 	37.937887 	37.944665
-60.211313 	37.937883 	37.944659
-60.211020 	37.937883 	37.944660
-60.210649 	37.937904 	37.944676
-60.210239 	37.937930 	37.944703
-60.209782 	37.937972 	37.944746
-60.209331 	37.938023 	37.944797
-60.208902 	37.938082 	37.944848
