3/5/2014 8:27 AM
nsamplesPerSetPoint: 50
RAF probe 50738, 30c to -60C, 10deg steps, 50 samples
Reference(C), Rosemount_Heated 50738A(Ohm), Rosemount_Heated 50738B(Ohm)
29.879191 	55.936758 	55.957742 	0.000000 
29.879026 	55.936723 	55.957708 	0.000000 
29.878881 	55.936689 	55.957675 	0.000000 
29.878717 	55.936654 	55.957640 	0.000000 
29.878556 	55.936620 	55.957606 	0.000000 
29.878358 	55.936586 	55.957568 	0.000000 
29.878129 	55.936549 	55.957531 	0.000000 
29.877922 	55.936511 	55.957492 	0.000000 
29.877707 	55.936468 	55.957449 	0.000000 
29.877536 	55.936420 	55.957401 	0.000000 
29.877330 	55.936376 	55.957362 	0.000000 
29.877154 	55.936340 	55.957327 	0.000000 
29.877043 	55.936311 	55.957299 	0.000000 
29.876951 	55.936282 	55.957269 	0.000000 
29.876887 	55.936252 	55.957240 	0.000000 
29.876820 	55.936228 	55.957220 	0.000000 
29.876755 	55.936212 	55.957204 	0.000000 
29.876695 	55.936198 	55.957191 	0.000000 
29.876652 	55.936187 	55.957181 	0.000000 
29.876614 	55.936176 	55.957170 	0.000000 
29.876545 	55.936165 	55.957157 	0.000000 
29.876524 	55.936154 	55.957146 	0.000000 
29.876529 	55.936144 	55.957139 	0.000000 
29.876552 	55.936139 	55.957135 	0.000000 
29.876588 	55.936136 	55.957131 	0.000000 
29.876602 	55.936129 	55.957127 	0.000000 
29.876612 	55.936122 	55.957121 	0.000000 
29.876592 	55.936116 	55.957113 	0.000000 
29.876579 	55.936108 	55.957104 	0.000000 
29.876520 	55.936101 	55.957096 	0.000000 
29.876468 	55.936094 	55.957089 	0.000000 
29.876430 	55.936084 	55.957081 	0.000000 
29.876348 	55.936073 	55.957072 	0.000000 
29.876270 	55.936064 	55.957061 	0.000000 
29.876215 	55.936054 	55.957052 	0.000000 
29.876220 	55.936046 	55.957049 	0.000000 
29.876262 	55.936042 	55.957045 	0.000000 
29.876323 	55.936040 	55.957048 	0.000000 
29.876389 	55.936049 	55.957058 	0.000000 
29.876407 	55.936063 	55.957070 	0.000000 
29.876456 	55.936075 	55.957081 	0.000000 
29.876452 	55.936080 	55.957083 	0.000000 
29.876411 	55.936075 	55.957078 	0.000000 
29.876339 	55.936066 	55.957068 	0.000000 
29.876263 	55.936055 	55.957058 	0.000000 
29.876234 	55.936041 	55.957044 	0.000000 
29.876226 	55.936029 	55.957032 	0.000000 
29.876228 	55.936023 	55.957027 	0.000000 
29.876263 	55.936017 	55.957020 	0.000000 
29.876295 	55.936017 	55.957023 	0.000000 
19.877442 	53.953021 	53.973328 	0.000000 
19.877826 	53.953092 	53.973398 	0.000000 
19.878201 	53.953161 	53.973467 	0.000000 
19.878517 	53.953233 	53.973541 	0.000000 
19.878848 	53.953305 	53.973609 	0.000000 
19.879158 	53.953369 	53.973672 	0.000000 
19.879439 	53.953433 	53.973737 	0.000000 
19.879705 	53.953493 	53.973794 	0.000000 
19.879955 	53.953544 	53.973845 	0.000000 
19.880208 	53.953592 	53.973893 	0.000000 
19.880462 	53.953641 	53.973942 	0.000000 
19.880706 	53.953688 	53.973991 	0.000000 
19.880965 	53.953738 	53.974041 	0.000000 
19.881246 	53.953788 	53.974094 	0.000000 
19.881486 	53.953840 	53.974148 	0.000000 
19.881694 	53.953893 	53.974199 	0.000000 
19.881867 	53.953939 	53.974241 	0.000000 
19.881942 	53.953978 	53.974276 	0.000000 
19.881946 	53.954005 	53.974299 	0.000000 
19.881916 	53.954025 	53.974317 	0.000000 
19.881835 	53.954036 	53.974325 	0.000000 
19.881726 	53.954033 	53.974322 	0.000000 
19.881634 	53.954024 	53.974312 	0.000000 
19.881567 	53.954011 	53.974300 	0.000000 
19.881512 	53.953998 	53.974287 	0.000000 
19.881420 	53.953985 	53.974274 	0.000000 
19.881320 	53.953968 	53.974256 	0.000000 
19.881207 	53.953951 	53.974236 	0.000000 
19.881011 	53.953932 	53.974214 	0.000000 
19.880772 	53.953902 	53.974183 	0.000000 
19.880533 	53.953868 	53.974147 	0.000000 
19.880279 	53.953828 	53.974108 	0.000000 
19.880013 	53.953787 	53.974065 	0.000000 
19.879770 	53.953739 	53.974017 	0.000000 
19.879521 	53.953691 	53.973971 	0.000000 
19.879308 	53.953646 	53.973928 	0.000000 
19.879122 	53.953603 	53.973886 	0.000000 
19.878972 	53.953564 	53.973851 	0.000000 
19.878854 	53.953530 	53.973817 	0.000000 
19.878723 	53.953497 	53.973784 	0.000000 
19.878593 	53.953465 	53.973752 	0.000000 
19.878462 	53.953434 	53.973719 	0.000000 
19.878298 	53.953399 	53.973683 	0.000000 
19.878131 	53.953366 	53.973649 	0.000000 
19.877997 	53.953330 	53.973612 	0.000000 
19.877903 	53.953298 	53.973587 	0.000000 
19.877861 	53.953279 	53.973570 	0.000000 
19.877926 	53.953264 	53.973556 	0.000000 
19.878060 	53.953260 	53.973555 	0.000000 
19.878250 	53.953266 	53.973568 	0.000000 
9.889587 	51.966930 	51.986484 	0.000000 
9.889830 	51.966983 	51.986534 	0.000000 
9.890017 	51.967030 	51.986579 	0.000000 
9.890185 	51.967073 	51.986620 	0.000000 
9.890334 	51.967112 	51.986657 	0.000000 
9.890445 	51.967144 	51.986684 	0.000000 
9.890522 	51.967167 	51.986707 	0.000000 
9.890604 	51.967190 	51.986730 	0.000000 
9.890656 	51.967211 	51.986751 	0.000000 
9.890715 	51.967233 	51.986773 	0.000000 
9.890760 	51.967251 	51.986789 	0.000000 
9.890784 	51.967265 	51.986802 	0.000000 
9.890803 	51.967276 	51.986812 	0.000000 
9.890783 	51.967287 	51.986823 	0.000000 
9.890768 	51.967297 	51.986831 	0.000000 
9.890737 	51.967304 	51.986837 	0.000000 
9.890747 	51.967304 	51.986840 	0.000000 
9.890769 	51.967308 	51.986844 	0.000000 
9.890791 	51.967309 	51.986843 	0.000000 
9.890818 	51.967309 	51.986843 	0.000000 
9.890869 	51.967310 	51.986844 	0.000000 
9.890949 	51.967315 	51.986851 	0.000000 
9.891061 	51.967327 	51.986869 	0.000000 
9.891164 	51.967349 	51.986887 	0.000000 
9.891250 	51.967366 	51.986902 	0.000000 
9.891340 	51.967378 	51.986914 	0.000000 
9.891379 	51.967392 	51.986928 	0.000000 
9.891410 	51.967407 	51.986942 	0.000000 
9.891470 	51.967419 	51.986956 	0.000000 
9.891572 	51.967435 	51.986973 	0.000000 
9.891712 	51.967454 	51.986991 	0.000000 
9.891847 	51.967475 	51.987014 	0.000000 
9.892037 	51.967503 	51.987043 	0.000000 
9.892238 	51.967534 	51.987076 	0.000000 
9.892450 	51.967570 	51.987115 	0.000000 
9.892664 	51.967610 	51.987155 	0.000000 
9.892919 	51.967648 	51.987196 	0.000000 
9.893211 	51.967695 	51.987243 	0.000000 
9.893569 	51.967746 	51.987296 	0.000000 
9.893957 	51.967803 	51.987355 	0.000000 
9.894375 	51.967872 	51.987427 	0.000000 
9.894831 	51.967948 	51.987506 	0.000000 
9.895306 	51.968029 	51.987588 	0.000000 
9.895797 	51.968113 	51.987673 	0.000000 
9.896296 	51.968199 	51.987760 	0.000000 
9.896817 	51.968287 	51.987848 	0.000000 
9.897271 	51.968377 	51.987935 	0.000000 
9.897678 	51.968463 	51.988020 	0.000000 
9.898043 	51.968546 	51.988103 	0.000000 
9.898380 	51.968627 	51.988183 	0.000000 
-0.095314 	49.975999 	49.994794 	0.000000 
-0.095200 	49.976020 	49.994816 	0.000000 
-0.095087 	49.976047 	49.994849 	0.000000 
-0.094978 	49.976077 	49.994879 	0.000000 
-0.094856 	49.976104 	49.994902 	0.000000 
-0.094711 	49.976135 	49.994932 	0.000000 
-0.094565 	49.976166 	49.994959 	0.000000 
-0.094410 	49.976187 	49.994982 	0.000000 
-0.094295 	49.976210 	49.995007 	0.000000 
-0.094201 	49.976233 	49.995030 	0.000000 
-0.094186 	49.976251 	49.995042 	0.000000 
-0.094226 	49.976253 	49.995044 	0.000000 
-0.094287 	49.976253 	49.995042 	0.000000 
-0.094369 	49.976248 	49.995035 	0.000000 
-0.094469 	49.976236 	49.995022 	0.000000 
-0.094555 	49.976222 	49.995009 	0.000000 
-0.094661 	49.976206 	49.994996 	0.000000 
-0.094794 	49.976191 	49.994978 	0.000000 
-0.094958 	49.976170 	49.994957 	0.000000 
-0.095132 	49.976145 	49.994929 	0.000000 
-0.095363 	49.976112 	49.994893 	0.000000 
-0.095581 	49.976073 	49.994857 	0.000000 
-0.095754 	49.976036 	49.994822 	0.000000 
-0.095873 	49.976004 	49.994793 	0.000000 
-0.095910 	49.975973 	49.994768 	0.000000 
-0.095884 	49.975957 	49.994752 	0.000000 
-0.095796 	49.975953 	49.994753 	0.000000 
-0.095657 	49.975955 	49.994757 	0.000000 
-0.095535 	49.975966 	49.994768 	0.000000 
-0.095406 	49.975979 	49.994784 	0.000000 
-0.095238 	49.975997 	49.994805 	0.000000 
-0.095064 	49.976024 	49.994832 	0.000000 
-0.094854 	49.976054 	49.994862 	0.000000 
-0.094655 	49.976084 	49.994893 	0.000000 
-0.094420 	49.976116 	49.994928 	0.000000 
-0.094201 	49.976152 	49.994966 	0.000000 
-0.093946 	49.976194 	49.995010 	0.000000 
-0.093655 	49.976243 	49.995058 	0.000000 
-0.093377 	49.976294 	49.995110 	0.000000 
-0.093108 	49.976347 	49.995165 	0.000000 
-0.092806 	49.976402 	49.995221 	0.000000 
-0.092468 	49.976464 	49.995283 	0.000000 
-0.092131 	49.976526 	49.995345 	0.000000 
-0.091788 	49.976588 	49.995410 	0.000000 
-0.091453 	49.976653 	49.995473 	0.000000 
-0.091166 	49.976716 	49.995536 	0.000000 
-0.090863 	49.976782 	49.995598 	0.000000 
-0.090566 	49.976843 	49.995660 	0.000000 
-0.090350 	49.976903 	49.995717 	0.000000 
-0.090188 	49.976952 	49.995766 	0.000000 
-10.088350 	47.977890 	47.995931 	0.000000 
-10.088351 	47.977898 	47.995939 	0.000000 
-10.088340 	47.977907 	47.995945 	0.000000 
-10.088271 	47.977916 	47.995956 	0.000000 
-10.088196 	47.977927 	47.995967 	0.000000 
-10.088073 	47.977939 	47.995981 	0.000000 
-10.087914 	47.977962 	47.996006 	0.000000 
-10.087732 	47.977987 	47.996031 	0.000000 
-10.087540 	47.978012 	47.996059 	0.000000 
-10.087375 	47.978040 	47.996087 	0.000000 
-10.087240 	47.978068 	47.996113 	0.000000 
-10.087097 	47.978094 	47.996139 	0.000000 
-10.086998 	47.978121 	47.996169 	0.000000 
-10.086918 	47.978151 	47.996194 	0.000000 
-10.086863 	47.978172 	47.996213 	0.000000 
-10.086813 	47.978190 	47.996232 	0.000000 
-10.086734 	47.978206 	47.996248 	0.000000 
-10.086622 	47.978220 	47.996263 	0.000000 
-10.086491 	47.978236 	47.996278 	0.000000 
-10.086321 	47.978253 	47.996296 	0.000000 
-10.086149 	47.978273 	47.996320 	0.000000 
-10.085967 	47.978295 	47.996345 	0.000000 
-10.085765 	47.978319 	47.996370 	0.000000 
-10.085564 	47.978351 	47.996404 	0.000000 
-10.085380 	47.978389 	47.996442 	0.000000 
-10.085178 	47.978429 	47.996484 	0.000000 
-10.084998 	47.978468 	47.996523 	0.000000 
-10.084771 	47.978508 	47.996561 	0.000000 
-10.084527 	47.978544 	47.996597 	0.000000 
-10.084303 	47.978585 	47.996639 	0.000000 
-10.084045 	47.978629 	47.996681 	0.000000 
-10.083778 	47.978671 	47.996728 	0.000000 
-10.083487 	47.978719 	47.996778 	0.000000 
-10.083249 	47.978766 	47.996825 	0.000000 
-10.083014 	47.978817 	47.996876 	0.000000 
-10.082804 	47.978865 	47.996924 	0.000000 
-10.082667 	47.978910 	47.996967 	0.000000 
-10.082567 	47.978952 	47.997008 	0.000000 
-10.082523 	47.978987 	47.997041 	0.000000 
-10.082503 	47.979017 	47.997071 	0.000000 
-10.082507 	47.979043 	47.997098 	0.000000 
-10.082547 	47.979064 	47.997120 	0.000000 
-10.082554 	47.979081 	47.997133 	0.000000 
-10.082540 	47.979092 	47.997145 	0.000000 
-10.082507 	47.979104 	47.997157 	0.000000 
-10.082451 	47.979118 	47.997171 	0.000000 
-10.082371 	47.979133 	47.997186 	0.000000 
-10.082288 	47.979148 	47.997202 	0.000000 
-10.082221 	47.979165 	47.997219 	0.000000 
-10.082162 	47.979183 	47.997236 	0.000000 
-20.074448 	45.975421 	45.992689 	0.000000 
-20.074235 	45.975469 	45.992736 	0.000000 
-20.074055 	45.975515 	45.992781 	0.000000 
-20.073901 	45.975557 	45.992819 	0.000000 
-20.073784 	45.975595 	45.992857 	0.000000 
-20.073660 	45.975633 	45.992894 	0.000000 
-20.073500 	45.975668 	45.992928 	0.000000 
-20.073333 	45.975704 	45.992964 	0.000000 
-20.073149 	45.975738 	45.993000 	0.000000 
-20.072940 	45.975772 	45.993038 	0.000000 
-20.072712 	45.975810 	45.993076 	0.000000 
-20.072495 	45.975849 	45.993113 	0.000000 
-20.072295 	45.975887 	45.993153 	0.000000 
-20.072113 	45.975926 	45.993192 	0.000000 
-20.071970 	45.975966 	45.993231 	0.000000 
-20.071839 	45.976004 	45.993269 	0.000000 
-20.071715 	45.976041 	45.993302 	0.000000 
-20.071601 	45.976072 	45.993332 	0.000000 
-20.071471 	45.976096 	45.993355 	0.000000 
-20.071372 	45.976121 	45.993381 	0.000000 
-20.071302 	45.976147 	45.993404 	0.000000 
-20.071244 	45.976167 	45.993424 	0.000000 
-20.071191 	45.976186 	45.993446 	0.000000 
-20.071178 	45.976203 	45.993460 	0.000000 
-20.071152 	45.976216 	45.993472 	0.000000 
-20.071150 	45.976227 	45.993483 	0.000000 
-20.071140 	45.976238 	45.993495 	0.000000 
-20.071173 	45.976247 	45.993503 	0.000000 
-20.071219 	45.976252 	45.993509 	0.000000 
-20.071217 	45.976257 	45.993512 	0.000000 
-20.071206 	45.976259 	45.993516 	0.000000 
-20.071152 	45.976263 	45.993519 	0.000000 
-20.071080 	45.976269 	45.993527 	0.000000 
-20.070974 	45.976280 	45.993539 	0.000000 
-20.070856 	45.976293 	45.993553 	0.000000 
-20.070739 	45.976306 	45.993567 	0.000000 
-20.070654 	45.976322 	45.993586 	0.000000 
-20.070569 	45.976340 	45.993604 	0.000000 
-20.070536 	45.976360 	45.993623 	0.000000 
-20.070515 	45.976381 	45.993640 	0.000000 
-20.070495 	45.976396 	45.993654 	0.000000 
-20.070456 	45.976408 	45.993667 	0.000000 
-20.070411 	45.976421 	45.993676 	0.000000 
-20.070361 	45.976430 	45.993687 	0.000000 
-20.070308 	45.976438 	45.993694 	0.000000 
-20.070249 	45.976447 	45.993701 	0.000000 
-20.070177 	45.976454 	45.993710 	0.000000 
-20.070120 	45.976465 	45.993722 	0.000000 
-20.070067 	45.976480 	45.993738 	0.000000 
-20.069998 	45.976494 	45.993749 	0.000000 
-30.055528 	43.968557 	43.984995 	0.000000 
-30.055409 	43.968577 	43.985016 	0.000000 
-30.055301 	43.968595 	43.985034 	0.000000 
-30.055224 	43.968615 	43.985053 	0.000000 
-30.055150 	43.968635 	43.985075 	0.000000 
-30.055076 	43.968659 	43.985100 	0.000000 
-30.055012 	43.968684 	43.985124 	0.000000 
-30.054964 	43.968708 	43.985150 	0.000000 
-30.054895 	43.968733 	43.985172 	0.000000 
-30.054777 	43.968753 	43.985190 	0.000000 
-30.054660 	43.968771 	43.985208 	0.000000 
-30.054548 	43.968790 	43.985228 	0.000000 
-30.054416 	43.968811 	43.985250 	0.000000 
-30.054282 	43.968832 	43.985270 	0.000000 
-30.054146 	43.968855 	43.985294 	0.000000 
-30.053989 	43.968880 	43.985318 	0.000000 
-30.053838 	43.968906 	43.985346 	0.000000 
-30.053677 	43.968935 	43.985374 	0.000000 
-30.053547 	43.968963 	43.985401 	0.000000 
-30.053404 	43.968992 	43.985430 	0.000000 
-30.053292 	43.969020 	43.985458 	0.000000 
-30.053168 	43.969046 	43.985481 	0.000000 
-30.053028 	43.969070 	43.985504 	0.000000 
-30.052883 	43.969093 	43.985527 	0.000000 
-30.052756 	43.969115 	43.985549 	0.000000 
-30.052681 	43.969133 	43.985567 	0.000000 
-30.052581 	43.969151 	43.985587 	0.000000 
-30.052455 	43.969173 	43.985608 	0.000000 
-30.052300 	43.969194 	43.985629 	0.000000 
-30.052130 	43.969217 	43.985652 	0.000000 
-30.051984 	43.969241 	43.985675 	0.000000 
-30.051886 	43.969263 	43.985697 	0.000000 
-30.051798 	43.969289 	43.985722 	0.000000 
-30.051714 	43.969313 	43.985747 	0.000000 
-30.051676 	43.969335 	43.985767 	0.000000 
-30.051606 	43.969352 	43.985785 	0.000000 
-30.051520 	43.969369 	43.985802 	0.000000 
-30.051446 	43.969385 	43.985818 	0.000000 
-30.051367 	43.969403 	43.985834 	0.000000 
-30.051330 	43.969420 	43.985850 	0.000000 
-30.051251 	43.969435 	43.985866 	0.000000 
-30.051162 	43.969449 	43.985876 	0.000000 
-30.051109 	43.969461 	43.985887 	0.000000 
-30.051116 	43.969472 	43.985897 	0.000000 
-30.051119 	43.969483 	43.985906 	0.000000 
-30.051109 	43.969493 	43.985916 	0.000000 
-30.051075 	43.969501 	43.985924 	0.000000 
-30.051072 	43.969508 	43.985931 	0.000000 
-30.051021 	43.969516 	43.985941 	0.000000 
-30.050979 	43.969525 	43.985950 	0.000000 
-40.045002 	41.954271 	41.969867 	0.000000 
-40.044980 	41.954279 	41.969875 	0.000000 
-40.044962 	41.954289 	41.969884 	0.000000 
-40.044895 	41.954296 	41.969892 	0.000000 
-40.044821 	41.954305 	41.969901 	0.000000 
-40.044732 	41.954315 	41.969912 	0.000000 
-40.044617 	41.954326 	41.969921 	0.000000 
-40.044504 	41.954335 	41.969931 	0.000000 
-40.044367 	41.954346 	41.969941 	0.000000 
-40.044276 	41.954357 	41.969953 	0.000000 
-40.044223 	41.954371 	41.969967 	0.000000 
-40.044165 	41.954387 	41.969982 	0.000000 
-40.044091 	41.954401 	41.969997 	0.000000 
-40.044013 	41.954416 	41.970013 	0.000000 
-40.043940 	41.954431 	41.970027 	0.000000 
-40.043860 	41.954445 	41.970043 	0.000000 
-40.043791 	41.954460 	41.970058 	0.000000 
-40.043680 	41.954475 	41.970073 	0.000000 
-40.043545 	41.954490 	41.970087 	0.000000 
-40.043402 	41.954505 	41.970103 	0.000000 
-40.043291 	41.954520 	41.970121 	0.000000 
-40.043180 	41.954538 	41.970141 	0.000000 
-40.043046 	41.954561 	41.970163 	0.000000 
-40.042925 	41.954581 	41.970182 	0.000000 
-40.042793 	41.954602 	41.970204 	0.000000 
-40.042663 	41.954626 	41.970227 	0.000000 
-40.042564 	41.954648 	41.970250 	0.000000 
-40.042473 	41.954669 	41.970269 	0.000000 
-40.042375 	41.954687 	41.970286 	0.000000 
-40.042270 	41.954702 	41.970304 	0.000000 
-40.042147 	41.954718 	41.970320 	0.000000 
-40.042001 	41.954736 	41.970339 	0.000000 
-40.041837 	41.954754 	41.970359 	0.000000 
-40.041705 	41.954777 	41.970381 	0.000000 
-40.041606 	41.954800 	41.970404 	0.000000 
-40.041521 	41.954823 	41.970428 	0.000000 
-40.041434 	41.954847 	41.970452 	0.000000 
-40.041335 	41.954869 	41.970474 	0.000000 
-40.041250 	41.954890 	41.970495 	0.000000 
-40.041157 	41.954912 	41.970515 	0.000000 
-40.041080 	41.954931 	41.970535 	0.000000 
-40.041006 	41.954949 	41.970551 	0.000000 
-40.040972 	41.954966 	41.970568 	0.000000 
-40.040967 	41.954981 	41.970582 	0.000000 
-40.040963 	41.954996 	41.970598 	0.000000 
-40.040953 	41.955010 	41.970611 	0.000000 
-40.040947 	41.955022 	41.970623 	0.000000 
-40.040971 	41.955033 	41.970633 	0.000000 
-40.040990 	41.955043 	41.970641 	0.000000 
-40.041017 	41.955049 	41.970645 	0.000000 
-50.037482 	39.933013 	39.947776 	0.000000 
-50.037344 	39.933047 	39.947810 	0.000000 
-50.037207 	39.933084 	39.947847 	0.000000 
-50.037104 	39.933121 	39.947884 	0.000000 
-50.036933 	39.933159 	39.947924 	0.000000 
-50.036765 	39.933197 	39.947960 	0.000000 
-50.036601 	39.933232 	39.947996 	0.000000 
-50.036440 	39.933268 	39.948031 	0.000000 
-50.036311 	39.933305 	39.948066 	0.000000 
-50.036217 	39.933342 	39.948103 	0.000000 
-50.036119 	39.933377 	39.948139 	0.000000 
-50.036023 	39.933411 	39.948173 	0.000000 
-50.035920 	39.933444 	39.948205 	0.000000 
-50.035815 	39.933477 	39.948238 	0.000000 
-50.035716 	39.933512 	39.948273 	0.000000 
-50.035613 	39.933545 	39.948306 	0.000000 
-50.035509 	39.933576 	39.948337 	0.000000 
-50.035434 	39.933603 	39.948364 	0.000000 
-50.035367 	39.933630 	39.948391 	0.000000 
-50.035267 	39.933655 	39.948416 	0.000000 
-50.035135 	39.933679 	39.948440 	0.000000 
-50.035013 	39.933703 	39.948465 	0.000000 
-50.034907 	39.933729 	39.948491 	0.000000 
-50.034818 	39.933754 	39.948515 	0.000000 
-50.034730 	39.933778 	39.948539 	0.000000 
-50.034665 	39.933800 	39.948561 	0.000000 
-50.034597 	39.933823 	39.948582 	0.000000 
-50.034517 	39.933841 	39.948600 	0.000000 
-50.034420 	39.933858 	39.948618 	0.000000 
-50.034351 	39.933876 	39.948635 	0.000000 
-50.034265 	39.933894 	39.948652 	0.000000 
-50.034169 	39.933912 	39.948671 	0.000000 
-50.034118 	39.933929 	39.948687 	0.000000 
-50.034018 	39.933945 	39.948703 	0.000000 
-50.033958 	39.933959 	39.948714 	0.000000 
-50.033942 	39.933972 	39.948728 	0.000000 
-50.033904 	39.933986 	39.948742 	0.000000 
-50.033928 	39.933999 	39.948754 	0.000000 
-50.033921 	39.934008 	39.948764 	0.000000 
-50.033898 	39.934016 	39.948772 	0.000000 
-50.033920 	39.934023 	39.948780 	0.000000 
-50.033906 	39.934030 	39.948786 	0.000000 
-50.033903 	39.934038 	39.948792 	0.000000 
-50.033925 	39.934044 	39.948799 	0.000000 
-50.033934 	39.934051 	39.948805 	0.000000 
-50.033975 	39.934058 	39.948810 	0.000000 
-50.034029 	39.934063 	39.948816 	0.000000 
-50.034052 	39.934072 	39.948823 	0.000000 
-50.034059 	39.934078 	39.948832 	0.000000 
-50.034029 	39.934088 	39.948839 	0.000000 
-60.025413 	37.907163 	37.921070 	0.000000 
-60.025559 	37.907167 	37.921072 	0.000000 
-60.025578 	37.907171 	37.921078 	0.000000 
-60.025604 	37.907178 	37.921085 	0.000000 
-60.025561 	37.907184 	37.921092 	0.000000 
-60.025502 	37.907190 	37.921099 	0.000000 
-60.025441 	37.907198 	37.921108 	0.000000 
-60.025291 	37.907206 	37.921118 	0.000000 
-60.025053 	37.907220 	37.921136 	0.000000 
-60.024775 	37.907239 	37.921158 	0.000000 
-60.024379 	37.907265 	37.921185 	0.000000 
-60.023942 	37.907296 	37.921220 	0.000000 
-60.023532 	37.907336 	37.921263 	0.000000 
-60.023091 	37.907383 	37.921311 	0.000000 
-60.022719 	37.907434 	37.921361 	0.000000 
-60.022408 	37.907486 	37.921415 	0.000000 
-60.022049 	37.907545 	37.921473 	0.000000 
-60.021731 	37.907605 	37.921534 	0.000000 
-60.021353 	37.907668 	37.921598 	0.000000 
-60.020933 	37.907732 	37.921662 	0.000000 
-60.020563 	37.907798 	37.921728 	0.000000 
-60.020212 	37.907861 	37.921791 	0.000000 
-60.019936 	37.907921 	37.921852 	0.000000 
-60.019643 	37.907981 	37.921912 	0.000000 
-60.019441 	37.908037 	37.921965 	0.000000 
-60.019307 	37.908084 	37.922012 	0.000000 
-60.019137 	37.908130 	37.922055 	0.000000 
-60.019021 	37.908169 	37.922095 	0.000000 
-60.019034 	37.908206 	37.922132 	0.000000 
-60.019065 	37.908242 	37.922169 	0.000000 
-60.019069 	37.908276 	37.922200 	0.000000 
-60.019084 	37.908301 	37.922225 	0.000000 
-60.019222 	37.908322 	37.922243 	0.000000 
-60.019339 	37.908338 	37.922255 	0.000000 
-60.019455 	37.908345 	37.922260 	0.000000 
-60.019594 	37.908349 	37.922263 	0.000000 
-60.019737 	37.908349 	37.922261 	0.000000 
-60.019939 	37.908343 	37.922256 	0.000000 
-60.020191 	37.908333 	37.922241 	0.000000 
-60.020403 	37.908317 	37.922222 	0.000000 
-60.020665 	37.908294 	37.922199 	0.000000 
-60.020978 	37.908268 	37.922171 	0.000000 
-60.021210 	37.908236 	37.922137 	0.000000 
-60.021486 	37.908198 	37.922100 	0.000000 
-60.021781 	37.908160 	37.922060 	0.000000 
-60.022015 	37.908116 	37.922015 	0.000000 
-60.022217 	37.908068 	37.921966 	0.000000 
-60.022434 	37.908019 	37.921917 	0.000000 
-60.022714 	37.907970 	37.921866 	0.000000 
-60.022977 	37.907920 	37.921818 	0.000000 
