2/9/2026 4:27 PM
nDataPerSetPoint: 50
RAF Temperature Probe Calibration
Reference(C), Heated 630393A(Ohm), Heated 630393B(Ohm), FastResp 2603(Ohm)
39.603473 	57.830535 	57.824084 	56.974696 
39.602984 	57.830448 	57.823996 	56.974600 
39.602482 	57.830368 	57.823914 	56.974507 
39.601975 	57.830277 	57.823818 	56.974397 
39.601470 	57.830176 	57.823716 	56.974296 
39.600966 	57.830074 	57.823616 	56.974206 
39.600465 	57.829977 	57.823521 	56.974099 
39.599987 	57.829880 	57.823424 	56.974004 
39.599523 	57.829791 	57.823333 	56.973910 
39.599083 	57.829712 	57.823253 	56.973829 
39.598686 	57.829632 	57.823175 	56.973753 
39.598315 	57.829572 	57.823121 	56.973685 
39.597976 	57.829529 	57.823074 	56.973624 
39.597674 	57.829480 	57.823025 	56.973567 
39.597417 	57.829441 	57.822989 	56.973527 
39.597213 	57.829412 	57.822962 	56.973488 
39.597045 	57.829389 	57.822938 	56.973450 
39.596907 	57.829374 	57.822923 	56.973424 
39.596799 	57.829372 	57.822923 	56.973407 
39.596743 	57.829374 	57.822927 	56.973388 
39.596728 	57.829389 	57.822940 	56.973375 
39.596756 	57.829404 	57.822960 	56.973377 
39.596804 	57.829441 	57.822995 	56.973391 
39.596889 	57.829473 	57.823032 	56.973416 
39.596996 	57.829512 	57.823072 	56.973443 
39.597137 	57.829548 	57.823108 	56.973482 
39.597300 	57.829593 	57.823155 	56.973520 
39.597479 	57.829636 	57.823200 	56.973554 
39.597669 	57.829678 	57.823242 	56.973591 
39.597878 	57.829726 	57.823292 	56.973628 
39.598093 	57.829767 	57.823331 	56.973672 
39.598319 	57.829802 	57.823369 	56.973712 
39.598549 	57.829835 	57.823401 	56.973753 
39.598781 	57.829870 	57.823441 	56.973800 
39.599004 	57.829916 	57.823487 	56.973848 
39.599225 	57.829958 	57.823526 	56.973888 
39.599435 	57.829999 	57.823570 	56.973934 
39.599648 	57.830034 	57.823604 	56.973969 
39.599826 	57.830070 	57.823640 	56.974011 
39.599988 	57.830082 	57.823651 	56.974030 
39.600122 	57.830104 	57.823675 	56.974045 
39.600226 	57.830111 	57.823679 	56.974061 
39.600309 	57.830104 	57.823674 	56.974080 
39.600355 	57.830097 	57.823666 	56.974089 
39.600352 	57.830072 	57.823639 	56.974089 
39.600299 	57.830040 	57.823608 	56.974085 
39.600234 	57.830011 	57.823578 	56.974075 
39.600129 	57.829976 	57.823541 	56.974057 
39.599989 	57.829934 	57.823491 	56.974028 
39.599795 	57.829881 	57.823435 	56.973999 
29.596560 	55.862079 	55.856000 	55.108257 
29.596837 	55.862141 	55.856056 	55.108300 
29.597107 	55.862200 	55.856117 	55.108348 
29.597391 	55.862249 	55.856173 	55.108395 
29.597673 	55.862306 	55.856231 	55.108448 
29.597958 	55.862363 	55.856287 	55.108492 
29.598232 	55.862420 	55.856340 	55.108537 
29.598500 	55.862466 	55.856386 	55.108591 
29.598757 	55.862507 	55.856427 	55.108630 
29.599001 	55.862552 	55.856472 	55.108674 
29.599230 	55.862592 	55.856513 	55.108717 
29.599462 	55.862635 	55.856556 	55.108757 
29.599694 	55.862667 	55.856588 	55.108786 
29.599906 	55.862702 	55.856623 	55.108826 
29.600123 	55.862738 	55.856659 	55.108856 
29.600306 	55.862759 	55.856682 	55.108886 
29.600471 	55.862782 	55.856703 	55.108912 
29.600616 	55.862806 	55.856726 	55.108933 
29.600765 	55.862828 	55.856751 	55.108958 
29.600886 	55.862855 	55.856774 	55.108991 
29.601009 	55.862861 	55.856782 	55.109021 
29.601117 	55.862872 	55.856791 	55.109044 
29.601229 	55.862891 	55.856809 	55.109066 
29.601346 	55.862911 	55.856825 	55.109080 
29.601450 	55.862926 	55.856841 	55.109100 
29.601558 	55.862943 	55.856858 	55.109135 
29.601657 	55.862961 	55.856872 	55.109158 
29.601732 	55.862964 	55.856876 	55.109178 
29.601811 	55.862969 	55.856883 	55.109204 
29.601879 	55.862980 	55.856893 	55.109227 
29.601934 	55.862989 	55.856907 	55.109244 
29.601984 	55.862991 	55.856911 	55.109252 
29.602030 	55.862986 	55.856905 	55.109253 
29.602063 	55.862987 	55.856906 	55.109257 
29.602088 	55.862990 	55.856909 	55.109262 
29.602106 	55.862993 	55.856912 	55.109265 
29.602104 	55.862997 	55.856917 	55.109259 
29.602099 	55.862997 	55.856915 	55.109249 
29.602089 	55.862987 	55.856907 	55.109248 
29.602078 	55.862982 	55.856902 	55.109243 
29.602074 	55.862984 	55.856901 	55.109229 
29.602066 	55.862980 	55.856899 	55.109226 
29.602073 	55.862993 	55.856911 	55.109238 
29.602100 	55.863006 	55.856920 	55.109238 
29.602143 	55.863014 	55.856932 	55.109241 
29.602195 	55.863030 	55.856949 	55.109251 
29.602261 	55.863040 	55.856961 	55.109267 
29.602335 	55.863055 	55.856978 	55.109283 
29.602403 	55.863073 	55.856997 	55.109292 
29.602487 	55.863090 	55.857016 	55.109293 
19.610495 	53.891300 	53.886410 	53.240260 
19.610694 	53.891327 	53.886438 	53.240299 
19.610890 	53.891360 	53.886477 	53.240338 
19.611064 	53.891397 	53.886513 	53.240380 
19.611236 	53.891431 	53.886547 	53.240414 
19.611394 	53.891456 	53.886573 	53.240451 
19.611546 	53.891484 	53.886608 	53.240487 
19.611704 	53.891517 	53.886638 	53.240525 
19.611864 	53.891544 	53.886664 	53.240562 
19.612033 	53.891570 	53.886693 	53.240599 
19.612204 	53.891590 	53.886708 	53.240658 
19.612369 	53.891626 	53.886740 	53.240700 
19.612548 	53.891666 	53.886772 	53.240743 
19.612709 	53.891697 	53.886803 	53.240786 
19.612888 	53.891727 	53.886834 	53.240810 
19.613090 	53.891764 	53.886875 	53.240842 
19.613261 	53.891811 	53.886922 	53.240873 
19.613429 	53.891842 	53.886954 	53.240904 
19.613612 	53.891881 	53.886989 	53.240940 
19.613776 	53.891912 	53.887023 	53.240974 
19.613955 	53.891948 	53.887061 	53.241008 
19.614130 	53.891977 	53.887097 	53.241043 
19.614310 	53.892008 	53.887127 	53.241075 
19.614491 	53.892038 	53.887158 	53.241099 
19.614658 	53.892067 	53.887182 	53.241125 
19.614819 	53.892084 	53.887203 	53.241146 
19.614981 	53.892112 	53.887232 	53.241170 
19.615134 	53.892139 	53.887261 	53.241193 
19.615276 	53.892168 	53.887289 	53.241215 
19.615407 	53.892181 	53.887304 	53.241234 
19.615530 	53.892200 	53.887323 	53.241250 
19.615651 	53.892226 	53.887350 	53.241258 
19.615762 	53.892248 	53.887366 	53.241276 
19.615893 	53.892266 	53.887386 	53.241294 
19.616018 	53.892291 	53.887410 	53.241312 
19.616128 	53.892314 	53.887433 	53.241328 
19.616240 	53.892338 	53.887454 	53.241345 
19.616370 	53.892358 	53.887480 	53.241360 
19.616486 	53.892397 	53.887514 	53.241371 
19.616604 	53.892416 	53.887530 	53.241386 
19.616713 	53.892446 	53.887562 	53.241390 
19.616818 	53.892462 	53.887575 	53.241405 
19.616917 	53.892478 	53.887595 	53.241416 
19.617001 	53.892486 	53.887599 	53.241402 
19.617062 	53.892495 	53.887604 	53.241412 
19.617113 	53.892504 	53.887611 	53.241421 
19.617171 	53.892512 	53.887618 	53.241433 
19.617234 	53.892521 	53.887628 	53.241444 
19.617269 	53.892534 	53.887645 	53.241449 
19.617317 	53.892542 	53.887650 	53.241455 
9.619513 	51.913595 	51.910466 	51.365775 
9.619780 	51.913640 	51.910510 	51.365827 
9.620038 	51.913694 	51.910565 	51.365866 
9.620304 	51.913747 	51.910617 	51.365913 
9.620548 	51.913800 	51.910669 	51.365953 
9.620803 	51.913851 	51.910716 	51.365988 
9.621052 	51.913903 	51.910765 	51.366024 
9.621284 	51.913958 	51.910815 	51.366067 
9.621532 	51.914003 	51.910863 	51.366106 
9.621752 	51.914045 	51.910901 	51.366139 
9.621980 	51.914086 	51.910946 	51.366178 
9.622186 	51.914120 	51.910983 	51.366210 
9.622402 	51.914149 	51.911013 	51.366245 
9.622601 	51.914192 	51.911056 	51.366286 
9.622787 	51.914232 	51.911090 	51.366324 
9.622980 	51.914267 	51.911128 	51.366358 
9.623170 	51.914300 	51.911162 	51.366393 
9.623348 	51.914335 	51.911196 	51.366435 
9.623543 	51.914372 	51.911235 	51.366477 
9.623733 	51.914412 	51.911275 	51.366516 
9.623908 	51.914444 	51.911305 	51.366555 
9.624069 	51.914470 	51.911325 	51.366588 
9.624227 	51.914492 	51.911349 	51.366618 
9.624363 	51.914506 	51.911364 	51.366644 
9.624460 	51.914516 	51.911374 	51.366664 
9.624552 	51.914522 	51.911380 	51.366675 
9.624626 	51.914528 	51.911387 	51.366688 
9.624676 	51.914522 	51.911386 	51.366700 
9.624712 	51.914523 	51.911388 	51.366712 
9.624741 	51.914515 	51.911381 	51.366714 
9.624760 	51.914503 	51.911372 	51.366719 
9.624770 	51.914498 	51.911371 	51.366733 
9.624776 	51.914500 	51.911370 	51.366743 
9.624778 	51.914497 	51.911369 	51.366747 
9.624792 	51.914496 	51.911368 	51.366757 
9.624806 	51.914514 	51.911386 	51.366766 
9.624821 	51.914520 	51.911394 	51.366782 
9.624838 	51.914515 	51.911399 	51.366795 
9.624833 	51.914516 	51.911395 	51.366808 
9.624835 	51.914509 	51.911390 	51.366819 
9.624822 	51.914503 	51.911384 	51.366815 
9.624811 	51.914505 	51.911381 	51.366816 
9.624787 	51.914495 	51.911369 	51.366820 
9.624766 	51.914478 	51.911353 	51.366827 
9.624752 	51.914472 	51.911350 	51.366822 
9.624740 	51.914476 	51.911350 	51.366822 
9.624742 	51.914483 	51.911357 	51.366822 
9.624764 	51.914495 	51.911366 	51.366825 
9.624790 	51.914502 	51.911376 	51.366827 
9.624827 	51.914513 	51.911386 	51.366842 
-0.353348 	49.934295 	49.933376 	49.489087 
-0.353350 	49.934305 	49.933387 	49.489098 
-0.353323 	49.934313 	49.933396 	49.489092 
-0.353308 	49.934329 	49.933407 	49.489091 
-0.353274 	49.934348 	49.933421 	49.489085 
-0.353225 	49.934356 	49.933427 	49.489087 
-0.353168 	49.934370 	49.933440 	49.489099 
-0.353101 	49.934386 	49.933456 	49.489112 
-0.353051 	49.934397 	49.933466 	49.489124 
-0.352992 	49.934407 	49.933472 	49.489140 
-0.352921 	49.934423 	49.933490 	49.489173 
-0.352841 	49.934440 	49.933509 	49.489199 
-0.352745 	49.934459 	49.933529 	49.489219 
-0.352637 	49.934484 	49.933556 	49.489243 
-0.352514 	49.934511 	49.933589 	49.489268 
-0.352378 	49.934545 	49.933627 	49.489292 
-0.352230 	49.934584 	49.933664 	49.489313 
-0.352074 	49.934618 	49.933697 	49.489360 
-0.351920 	49.934641 	49.933722 	49.489394 
-0.351751 	49.934681 	49.933762 	49.489417 
-0.351588 	49.934719 	49.933801 	49.489442 
-0.351417 	49.934752 	49.933834 	49.489483 
-0.351245 	49.934789 	49.933875 	49.489514 
-0.351072 	49.934833 	49.933916 	49.489552 
-0.350895 	49.934868 	49.933952 	49.489595 
-0.350707 	49.934906 	49.933989 	49.489631 
-0.350505 	49.934950 	49.934033 	49.489664 
-0.350293 	49.934991 	49.934080 	49.489709 
-0.350066 	49.935041 	49.934131 	49.489754 
-0.349835 	49.935089 	49.934178 	49.489810 
-0.349579 	49.935143 	49.934231 	49.489874 
-0.349306 	49.935197 	49.934283 	49.489914 
-0.349037 	49.935255 	49.934343 	49.489965 
-0.348754 	49.935299 	49.934391 	49.490020 
-0.348480 	49.935345 	49.934439 	49.490077 
-0.348201 	49.935404 	49.934500 	49.490126 
-0.347924 	49.935450 	49.934549 	49.490177 
-0.347661 	49.935495 	49.934598 	49.490224 
-0.347391 	49.935548 	49.934654 	49.490270 
-0.347143 	49.935608 	49.934705 	49.490313 
-0.346894 	49.935652 	49.934748 	49.490356 
-0.346657 	49.935692 	49.934789 	49.490400 
-0.346438 	49.935734 	49.934832 	49.490448 
-0.346220 	49.935774 	49.934870 	49.490483 
-0.346011 	49.935811 	49.934907 	49.490520 
-0.345826 	49.935847 	49.934941 	49.490553 
-0.345655 	49.935870 	49.934964 	49.490575 
-0.345496 	49.935894 	49.934994 	49.490589 
-0.345346 	49.935918 	49.935023 	49.490615 
-0.345228 	49.935940 	49.935042 	49.490646 
-10.319403 	47.951241 	47.954053 	47.607365 
-10.319332 	47.951252 	47.954061 	47.607381 
-10.319296 	47.951260 	47.954070 	47.607399 
-10.319265 	47.951266 	47.954075 	47.607419 
-10.319230 	47.951274 	47.954081 	47.607441 
-10.319225 	47.951271 	47.954076 	47.607462 
-10.319224 	47.951264 	47.954070 	47.607490 
-10.319215 	47.951250 	47.954060 	47.607517 
-10.319208 	47.951256 	47.954070 	47.607533 
-10.319200 	47.951256 	47.954069 	47.607540 
-10.319190 	47.951262 	47.954075 	47.607546 
-10.319178 	47.951270 	47.954079 	47.607559 
-10.319172 	47.951276 	47.954086 	47.607572 
-10.319162 	47.951283 	47.954091 	47.607589 
-10.319162 	47.951280 	47.954089 	47.607609 
-10.319169 	47.951283 	47.954091 	47.607625 
-10.319181 	47.951287 	47.954091 	47.607640 
-10.319186 	47.951294 	47.954097 	47.607645 
-10.319185 	47.951300 	47.954098 	47.607646 
-10.319168 	47.951296 	47.954093 	47.607651 
-10.319162 	47.951305 	47.954097 	47.607657 
-10.319157 	47.951309 	47.954099 	47.607660 
-10.319184 	47.951291 	47.954081 	47.607662 
-10.319172 	47.951280 	47.954073 	47.607658 
-10.319166 	47.951292 	47.954085 	47.607659 
-10.319174 	47.951298 	47.954087 	47.607660 
-10.319181 	47.951291 	47.954078 	47.607662 
-10.319192 	47.951291 	47.954077 	47.607666 
-10.319191 	47.951299 	47.954083 	47.607667 
-10.319172 	47.951306 	47.954089 	47.607663 
-10.319126 	47.951322 	47.954101 	47.607668 
-10.319068 	47.951339 	47.954119 	47.607671 
-10.318993 	47.951360 	47.954137 	47.607663 
-10.318901 	47.951375 	47.954153 	47.607648 
-10.318804 	47.951402 	47.954178 	47.607630 
-10.318696 	47.951430 	47.954205 	47.607630 
-10.318612 	47.951445 	47.954220 	47.607635 
-10.318569 	47.951459 	47.954232 	47.607641 
-10.318551 	47.951453 	47.954228 	47.607646 
-10.318542 	47.951438 	47.954216 	47.607649 
-10.318524 	47.951429 	47.954206 	47.607654 
-10.318511 	47.951427 	47.954206 	47.607658 
-10.318495 	47.951426 	47.954202 	47.607659 
-10.318497 	47.951422 	47.954195 	47.607653 
-10.318485 	47.951419 	47.954193 	47.607647 
-10.318465 	47.951412 	47.954188 	47.607644 
-10.318446 	47.951410 	47.954185 	47.607644 
-10.318411 	47.951411 	47.954192 	47.607655 
-10.318371 	47.951423 	47.954206 	47.607672 
-10.318323 	47.951440 	47.954222 	47.607682 
-20.307463 	45.958469 	45.964470 	45.714609 
-20.307204 	45.958515 	45.964518 	45.714649 
-20.306990 	45.958559 	45.964558 	45.714687 
-20.306812 	45.958574 	45.964582 	45.714737 
-20.306661 	45.958586 	45.964599 	45.714765 
-20.306521 	45.958603 	45.964619 	45.714790 
-20.306417 	45.958618 	45.964629 	45.714815 
-20.306359 	45.958617 	45.964630 	45.714841 
-20.306339 	45.958605 	45.964613 	45.714858 
-20.306328 	45.958591 	45.964595 	45.714861 
-20.306337 	45.958580 	45.964580 	45.714860 
-20.306377 	45.958568 	45.964565 	45.714864 
-20.306432 	45.958552 	45.964549 	45.714864 
-20.306479 	45.958531 	45.964529 	45.714860 
-20.306529 	45.958520 	45.964514 	45.714844 
-20.306588 	45.958503 	45.964500 	45.714847 
-20.306641 	45.958491 	45.964488 	45.714849 
-20.306678 	45.958481 	45.964477 	45.714842 
-20.306732 	45.958479 	45.964473 	45.714833 
-20.306802 	45.958473 	45.964469 	45.714821 
-20.306883 	45.958469 	45.964464 	45.714804 
-20.306951 	45.958452 	45.964451 	45.714800 
-20.307036 	45.958437 	45.964438 	45.714791 
-20.307114 	45.958421 	45.964424 	45.714781 
-20.307179 	45.958409 	45.964411 	45.714771 
-20.307232 	45.958402 	45.964405 	45.714773 
-20.307267 	45.958398 	45.964407 	45.714773 
-20.307283 	45.958403 	45.964412 	45.714771 
-20.307284 	45.958406 	45.964411 	45.714775 
-20.307293 	45.958410 	45.964412 	45.714784 
-20.307303 	45.958426 	45.964424 	45.714790 
-20.307317 	45.958438 	45.964435 	45.714790 
-20.307315 	45.958442 	45.964444 	45.714793 
-20.307323 	45.958459 	45.964460 	45.714802 
-20.307314 	45.958471 	45.964465 	45.714807 
-20.307330 	45.958469 	45.964463 	45.714816 
-20.307343 	45.958465 	45.964459 	45.714822 
-20.307344 	45.958466 	45.964460 	45.714826 
-20.307358 	45.958472 	45.964465 	45.714832 
-20.307367 	45.958475 	45.964470 	45.714840 
-20.307383 	45.958478 	45.964474 	45.714846 
-20.307401 	45.958478 	45.964474 	45.714847 
-20.307431 	45.958476 	45.964472 	45.714852 
-20.307476 	45.958473 	45.964471 	45.714856 
-20.307533 	45.958470 	45.964468 	45.714872 
-20.307581 	45.958469 	45.964464 	45.714876 
-20.307625 	45.958465 	45.964461 	45.714874 
-20.307667 	45.958462 	45.964460 	45.714873 
-20.307698 	45.958449 	45.964452 	45.714875 
-20.307705 	45.958441 	45.964444 	45.714870 
-30.286948 	43.961373 	43.969966 	43.818387 
-30.286869 	43.961392 	43.969988 	43.818412 
-30.286798 	43.961405 	43.970006 	43.818437 
-30.286747 	43.961416 	43.970017 	43.818458 
-30.286695 	43.961425 	43.970029 	43.818471 
-30.286631 	43.961438 	43.970044 	43.818481 
-30.286579 	43.961451 	43.970061 	43.818497 
-30.286513 	43.961467 	43.970081 	43.818511 
-30.286452 	43.961486 	43.970103 	43.818525 
-30.286382 	43.961504 	43.970126 	43.818547 
-30.286315 	43.961526 	43.970150 	43.818558 
-30.286240 	43.961549 	43.970177 	43.818576 
-30.286182 	43.961576 	43.970202 	43.818597 
-30.286137 	43.961610 	43.970228 	43.818610 
-30.286072 	43.961642 	43.970250 	43.818634 
-30.286017 	43.961671 	43.970272 	43.818653 
-30.285953 	43.961696 	43.970292 	43.818687 
-30.285870 	43.961710 	43.970309 	43.818713 
-30.285773 	43.961727 	43.970326 	43.818734 
-30.285685 	43.961743 	43.970344 	43.818757 
-30.285576 	43.961758 	43.970361 	43.818783 
-30.285469 	43.961768 	43.970372 	43.818822 
-30.285360 	43.961784 	43.970387 	43.818853 
-30.285259 	43.961796 	43.970401 	43.818878 
-30.285153 	43.961810 	43.970414 	43.818898 
-30.285032 	43.961824 	43.970427 	43.818914 
-30.284922 	43.961842 	43.970444 	43.818939 
-30.284815 	43.961866 	43.970465 	43.818961 
-30.284707 	43.961889 	43.970486 	43.818978 
-30.284606 	43.961905 	43.970504 	43.818981 
-30.284517 	43.961921 	43.970521 	43.818998 
-30.284437 	43.961941 	43.970540 	43.819007 
-30.284368 	43.961961 	43.970559 	43.819019 
-30.284297 	43.961983 	43.970581 	43.819034 
-30.284207 	43.961996 	43.970601 	43.819047 
-30.284137 	43.962010 	43.970617 	43.819064 
-30.284059 	43.962026 	43.970634 	43.819078 
-30.283993 	43.962038 	43.970649 	43.819092 
-30.283911 	43.962047 	43.970658 	43.819107 
-30.283843 	43.962055 	43.970665 	43.819117 
-30.283779 	43.962063 	43.970672 	43.819127 
-30.283715 	43.962069 	43.970679 	43.819140 
-30.283630 	43.962078 	43.970689 	43.819146 
-30.283548 	43.962083 	43.970698 	43.819159 
-30.283471 	43.962087 	43.970709 	43.819167 
-30.283385 	43.962086 	43.970717 	43.819178 
-30.283318 	43.962089 	43.970728 	43.819185 
-30.283272 	43.962099 	43.970741 	43.819196 
-30.283224 	43.962112 	43.970757 	43.819208 
-30.283179 	43.962128 	43.970771 	43.819213 
-40.258197 	41.959499 	41.970014 	41.918013 
-40.258470 	41.959530 	41.970044 	41.917981 
-40.258752 	41.959547 	41.970066 	41.917944 
-40.259046 	41.959558 	41.970085 	41.917905 
-40.259373 	41.959563 	41.970097 	41.917863 
-40.259713 	41.959548 	41.970088 	41.917814 
-40.260072 	41.959518 	41.970070 	41.917762 
-40.260436 	41.959494 	41.970059 	41.917711 
-40.260793 	41.959480 	41.970052 	41.917658 
-40.261123 	41.959473 	41.970051 	41.917600 
-40.261443 	41.959468 	41.970051 	41.917547 
-40.261747 	41.959461 	41.970049 	41.917496 
-40.262033 	41.959443 	41.970034 	41.917453 
-40.262300 	41.959417 	41.970010 	41.917409 
-40.262543 	41.959383 	41.969982 	41.917361 
-40.262769 	41.959347 	41.969949 	41.917316 
-40.262966 	41.959311 	41.969916 	41.917280 
-40.263133 	41.959278 	41.969882 	41.917243 
-40.263263 	41.959243 	41.969849 	41.917213 
-40.263378 	41.959208 	41.969815 	41.917184 
-40.263462 	41.959173 	41.969780 	41.917155 
-40.263510 	41.959136 	41.969744 	41.917140 
-40.263528 	41.959100 	41.969708 	41.917141 
-40.263515 	41.959069 	41.969675 	41.917147 
-40.263464 	41.959037 	41.969641 	41.917153 
-40.263373 	41.959004 	41.969607 	41.917167 
-40.263262 	41.958973 	41.969576 	41.917181 
-40.263130 	41.958946 	41.969546 	41.917190 
-40.262979 	41.958915 	41.969517 	41.917204 
-40.262822 	41.958890 	41.969492 	41.917215 
-40.262638 	41.958869 	41.969468 	41.917229 
-40.262425 	41.958852 	41.969447 	41.917248 
-40.262204 	41.958844 	41.969431 	41.917274 
-40.261969 	41.958841 	41.969423 	41.917299 
-40.261725 	41.958849 	41.969421 	41.917335 
-40.261461 	41.958869 	41.969438 	41.917376 
-40.261181 	41.958910 	41.969469 	41.917416 
-40.260882 	41.958947 	41.969491 	41.917467 
-40.260565 	41.958970 	41.969506 	41.917521 
-40.260262 	41.958985 	41.969524 	41.917581 
-40.259960 	41.958999 	41.969537 	41.917638 
-40.259670 	41.959016 	41.969556 	41.917696 
-40.259380 	41.959044 	41.969587 	41.917744 
-40.259085 	41.959079 	41.969623 	41.917789 
-40.258783 	41.959118 	41.969657 	41.917846 
-40.258490 	41.959154 	41.969692 	41.917895 
-40.258182 	41.959191 	41.969728 	41.917946 
-40.257860 	41.959230 	41.969772 	41.918007 
-40.257539 	41.959281 	41.969822 	41.918072 
-40.257187 	41.959331 	41.969881 	41.918140 
-50.242422 	39.947865 	39.959543 	40.009001 
-50.242333 	39.947887 	39.959564 	40.009018 
-50.242230 	39.947916 	39.959589 	40.009035 
-50.242131 	39.947952 	39.959628 	40.009050 
-50.242038 	39.947974 	39.959651 	40.009067 
-50.241939 	39.947993 	39.959675 	40.009089 
-50.241865 	39.948018 	39.959705 	40.009120 
-50.241788 	39.948045 	39.959742 	40.009151 
-50.241700 	39.948075 	39.959789 	40.009183 
-50.241625 	39.948101 	39.959823 	40.009208 
-50.241573 	39.948128 	39.959854 	40.009235 
-50.241555 	39.948159 	39.959890 	40.009261 
-50.241518 	39.948185 	39.959925 	40.009287 
-50.241438 	39.948207 	39.959956 	40.009313 
-50.241339 	39.948236 	39.959990 	40.009341 
-50.241247 	39.948256 	39.960009 	40.009370 
-50.241141 	39.948273 	39.960023 	40.009399 
-50.241051 	39.948288 	39.960032 	40.009428 
-50.241003 	39.948299 	39.960039 	40.009459 
-50.240976 	39.948298 	39.960042 	40.009487 
-50.240951 	39.948292 	39.960046 	40.009514 
-50.240923 	39.948293 	39.960050 	40.009538 
-50.240869 	39.948290 	39.960048 	40.009563 
-50.240839 	39.948291 	39.960054 	40.009585 
-50.240809 	39.948301 	39.960062 	40.009612 
-50.240773 	39.948311 	39.960084 	40.009636 
-50.240734 	39.948325 	39.960105 	40.009655 
-50.240675 	39.948336 	39.960121 	40.009673 
-50.240600 	39.948357 	39.960143 	40.009703 
-50.240525 	39.948378 	39.960164 	40.009732 
-50.240461 	39.948396 	39.960181 	40.009757 
-50.240419 	39.948415 	39.960197 	40.009780 
-50.240402 	39.948426 	39.960208 	40.009799 
-50.240394 	39.948418 	39.960195 	40.009814 
-50.240391 	39.948422 	39.960199 	40.009822 
-50.240393 	39.948425 	39.960201 	40.009829 
-50.240382 	39.948426 	39.960199 	40.009829 
-50.240362 	39.948422 	39.960184 	40.009828 
-50.240328 	39.948404 	39.960150 	40.009828 
-50.240301 	39.948403 	39.960136 	40.009835 
-50.240277 	39.948402 	39.960131 	40.009845 
-50.240229 	39.948431 	39.960121 	40.009857 
-50.240170 	39.948450 	39.960109 	40.009868 
-50.240124 	39.948455 	39.960101 	40.009876 
-50.240113 	39.948457 	39.960097 	40.009882 
-50.240110 	39.948456 	39.960090 	40.009883 
-50.240105 	39.948456 	39.960088 	40.009885 
-50.240059 	39.948457 	39.960088 	40.009888 
-50.239971 	39.948459 	39.960090 	40.009892 
-50.239849 	39.948466 	39.960096 	40.009898 
-60.221095 	37.931086 	37.943106 	38.094776 
-60.221070 	37.931083 	37.943107 	38.094806 
-60.221045 	37.931071 	37.943103 	38.094835 
-60.221003 	37.931068 	37.943106 	38.094859 
-60.220960 	37.931068 	37.943110 	38.094882 
-60.220908 	37.931074 	37.943118 	38.094907 
-60.220853 	37.931084 	37.943131 	38.094936 
-60.220797 	37.931085 	37.943135 	38.094969 
-60.220728 	37.931078 	37.943132 	38.095003 
-60.220681 	37.931077 	37.943132 	38.095033 
-60.220594 	37.931081 	37.943138 	38.095065 
-60.220512 	37.931093 	37.943148 	38.095091 
-60.220437 	37.931109 	37.943160 	38.095108 
-60.220389 	37.931126 	37.943175 	38.095126 
-60.220348 	37.931147 	37.943193 	38.095141 
-60.220305 	37.931170 	37.943216 	38.095153 
-60.220250 	37.931190 	37.943234 	38.095163 
-60.220142 	37.931197 	37.943247 	38.095180 
-60.220023 	37.931196 	37.943255 	38.095195 
-60.219893 	37.931195 	37.943262 	38.095217 
-60.219750 	37.931196 	37.943272 	38.095241 
-60.219601 	37.931203 	37.943284 	38.095270 
-60.219471 	37.931211 	37.943295 	38.095295 
-60.219344 	37.931216 	37.943303 	38.095323 
-60.219223 	37.931224 	37.943314 	38.095345 
-60.219113 	37.931235 	37.943327 	38.095356 
-60.219004 	37.931246 	37.943341 	38.095366 
-60.218903 	37.931256 	37.943353 	38.095378 
-60.218803 	37.931264 	37.943362 	38.095393 
-60.218697 	37.931275 	37.943375 	38.095408 
-60.218602 	37.931287 	37.943388 	38.095435 
-60.218513 	37.931303 	37.943407 	38.095474 
-60.218412 	37.931320 	37.943427 	38.095509 
-60.218298 	37.931337 	37.943445 	38.095544 
-60.218202 	37.931352 	37.943459 	38.095578 
-60.218124 	37.931364 	37.943475 	38.095614 
-60.218029 	37.931377 	37.943491 	38.095649 
-60.217961 	37.931403 	37.943518 	38.095686 
-60.217903 	37.931438 	37.943554 	38.095724 
-60.217808 	37.931468 	37.943587 	38.095762 
-60.217741 	37.931496 	37.943614 	38.095792 
-60.217644 	37.931517 	37.943631 	38.095822 
-60.217535 	37.931538 	37.943649 	38.095863 
-60.217397 	37.931556 	37.943673 	38.095903 
-60.217233 	37.931592 	37.943726 	38.095941 
-60.217078 	37.931625 	37.943762 	38.095982 
-60.216948 	37.931664 	37.943810 	38.096017 
-60.216886 	37.931712 	37.943866 	38.096046 
-60.216855 	37.931761 	37.943925 	38.096061 
-60.216836 	37.931806 	37.943976 	38.096073 
