2/13/2026 5:03 PM
nDataPerSetPoint: 50
RAF Temperature Probe Calibration
Reference(C), FastResp 2343(Ohm), FastResp 2778(Ohm), FastResp 3401(Ohm)
39.609046 	59.226200 	57.862232 	57.895208 
39.608696 	59.226133 	57.862184 	57.895139 
39.608324 	59.226049 	57.862138 	57.895049 
39.607929 	59.225967 	57.862067 	57.894975 
39.607514 	59.225896 	57.861989 	57.894893 
39.607092 	59.225814 	57.861906 	57.894812 
39.606666 	59.225731 	57.861829 	57.894730 
39.606230 	59.225640 	57.861749 	57.894630 
39.605775 	59.225558 	57.861649 	57.894541 
39.605329 	59.225474 	57.861569 	57.894448 
39.604880 	59.225392 	57.861500 	57.894364 
39.604448 	59.225310 	57.861417 	57.894301 
39.604015 	59.225222 	57.861337 	57.894217 
39.603574 	59.225137 	57.861237 	57.894135 
39.603134 	59.225063 	57.861151 	57.894049 
39.602699 	59.224985 	57.861059 	57.893973 
39.602256 	59.224865 	57.860976 	57.893882 
39.601834 	59.224731 	57.860883 	57.893797 
39.601386 	59.224651 	57.860750 	57.893704 
39.600949 	59.224542 	57.860657 	57.893619 
39.600508 	59.224449 	57.860578 	57.893528 
39.600083 	59.224349 	57.860492 	57.893446 
39.599668 	59.224259 	57.860426 	57.893368 
39.599275 	59.224168 	57.860312 	57.893294 
39.598896 	59.224085 	57.860239 	57.893222 
39.598533 	59.224008 	57.860177 	57.893152 
39.598197 	59.223936 	57.860112 	57.893090 
39.597866 	59.223886 	57.860048 	57.893028 
39.597543 	59.223818 	57.860038 	57.892971 
39.597263 	59.223757 	57.860005 	57.892914 
39.596983 	59.223703 	57.860012 	57.892854 
39.596735 	59.223653 	57.859965 	57.892810 
39.596520 	59.223628 	57.859889 	57.892769 
39.596336 	59.223599 	57.859843 	57.892734 
39.596175 	59.223559 	57.859821 	57.892697 
39.596023 	59.223537 	57.859727 	57.892664 
39.595880 	59.223512 	57.859701 	57.892634 
39.595757 	59.223491 	57.859684 	57.892608 
39.595638 	59.223469 	57.859677 	57.892576 
39.595523 	59.223438 	57.859664 	57.892543 
39.595413 	59.223415 	57.859666 	57.892514 
39.595297 	59.223392 	57.859656 	57.892479 
39.595195 	59.223365 	57.859652 	57.892460 
39.595120 	59.223346 	57.859633 	57.892440 
39.595058 	59.223326 	57.859597 	57.892423 
39.595001 	59.223313 	57.859582 	57.892419 
39.594962 	59.223343 	57.859585 	57.892414 
39.594934 	59.223385 	57.859586 	57.892432 
39.594941 	59.223396 	57.859632 	57.892434 
39.594971 	59.223422 	57.859631 	57.892454 
29.594545 	57.205557 	55.885564 	55.920316 
29.594841 	57.205612 	55.885592 	55.920379 
29.595138 	57.205667 	55.885625 	55.920444 
29.595410 	57.205683 	55.885659 	55.920492 
29.595666 	57.205729 	55.885694 	55.920541 
29.595905 	57.205775 	55.885717 	55.920587 
29.596128 	57.205821 	55.885746 	55.920636 
29.596356 	57.205882 	55.885792 	55.920680 
29.596578 	57.205924 	55.885832 	55.920723 
29.596781 	57.205966 	55.885867 	55.920763 
29.596983 	57.206008 	55.885917 	55.920808 
29.597175 	57.206052 	55.885953 	55.920853 
29.597370 	57.206094 	55.885994 	55.920892 
29.597562 	57.206141 	55.886016 	55.920924 
29.597759 	57.206186 	55.886037 	55.920966 
29.597952 	57.206221 	55.886093 	55.921008 
29.598147 	57.206269 	55.886125 	55.921049 
29.598333 	57.206317 	55.886148 	55.921092 
29.598520 	57.206360 	55.886167 	55.921124 
29.598689 	57.206409 	55.886180 	55.921157 
29.598874 	57.206437 	55.886250 	55.921190 
29.599045 	57.206481 	55.886267 	55.921231 
29.599217 	57.206519 	55.886294 	55.921250 
29.599386 	57.206555 	55.886325 	55.921314 
29.599564 	57.206580 	55.886349 	55.921338 
29.599729 	57.206615 	55.886392 	55.921374 
29.599889 	57.206655 	55.886439 	55.921407 
29.600029 	57.206693 	55.886491 	55.921430 
29.600149 	57.206715 	55.886567 	55.921449 
29.600256 	57.206740 	55.886580 	55.921487 
29.600355 	57.206764 	55.886594 	55.921495 
29.600457 	57.206786 	55.886636 	55.921512 
29.600561 	57.206815 	55.886673 	55.921525 
29.600694 	57.206881 	55.886713 	55.921570 
29.600838 	57.206920 	55.886746 	55.921598 
29.600984 	57.206954 	55.886810 	55.921628 
29.601141 	57.206989 	55.886832 	55.921654 
29.601296 	57.207023 	55.886887 	55.921684 
29.601447 	57.207057 	55.886939 	55.921715 
29.601613 	57.207096 	55.886969 	55.921744 
29.601780 	57.207125 	55.886978 	55.921775 
29.601939 	57.207159 	55.887006 	55.921805 
29.602078 	57.207186 	55.887029 	55.921833 
29.602204 	57.207191 	55.887079 	55.921854 
29.602314 	57.207205 	55.887112 	55.921873 
29.602437 	57.207230 	55.887108 	55.921908 
29.602547 	57.207258 	55.887094 	55.921930 
29.602651 	57.207275 	55.887100 	55.921969 
29.602749 	57.207292 	55.887115 	55.921993 
29.602844 	57.207312 	55.887126 	55.922015 
19.619476 	55.187321 	53.910587 	53.947387 
19.619475 	55.187323 	53.910588 	53.947382 
19.619473 	55.187332 	53.910580 	53.947385 
19.619482 	55.187308 	53.910619 	53.947388 
19.619483 	55.187303 	53.910641 	53.947391 
19.619503 	55.187309 	53.910655 	53.947390 
19.619501 	55.187306 	53.910658 	53.947387 
19.619518 	55.187291 	53.910700 	53.947390 
19.619531 	55.187288 	53.910718 	53.947392 
19.619538 	55.187292 	53.910748 	53.947398 
19.619538 	55.187295 	53.910766 	53.947402 
19.619528 	55.187295 	53.910774 	53.947402 
19.619501 	55.187298 	53.910736 	53.947398 
19.619494 	55.187275 	53.910752 	53.947399 
19.619498 	55.187271 	53.910753 	53.947410 
19.619521 	55.187266 	53.910762 	53.947394 
19.619553 	55.187263 	53.910764 	53.947402 
19.619606 	55.187258 	53.910762 	53.947403 
19.619667 	55.187252 	53.910769 	53.947418 
19.619741 	55.187254 	53.910822 	53.947432 
19.619836 	55.187275 	53.910881 	53.947444 
19.619939 	55.187287 	53.910880 	53.947470 
19.620055 	55.187294 	53.910920 	53.947487 
19.620186 	55.187314 	53.910938 	53.947504 
19.620314 	55.187332 	53.910975 	53.947507 
19.620439 	55.187347 	53.911009 	53.947522 
19.620579 	55.187362 	53.911015 	53.947549 
19.620718 	55.187387 	53.911059 	53.947570 
19.620854 	55.187410 	53.911089 	53.947598 
19.620985 	55.187427 	53.911140 	53.947619 
19.621109 	55.187456 	53.911153 	53.947628 
19.621242 	55.187473 	53.911107 	53.947645 
19.621373 	55.187499 	53.911106 	53.947684 
19.621491 	55.187553 	53.911100 	53.947712 
19.621622 	55.187584 	53.911123 	53.947729 
19.621747 	55.187607 	53.911143 	53.947753 
19.621882 	55.187636 	53.911197 	53.947769 
19.622006 	55.187678 	53.911180 	53.947799 
19.622141 	55.187710 	53.911178 	53.947816 
19.622292 	55.187736 	53.911170 	53.947863 
19.622435 	55.187762 	53.911180 	53.947890 
19.622604 	55.187781 	53.911190 	53.947922 
19.622772 	55.187808 	53.911263 	53.947956 
19.622949 	55.187861 	53.911301 	53.947989 
19.623137 	55.187901 	53.911349 	53.948022 
19.623324 	55.187940 	53.911377 	53.948060 
19.623526 	55.187963 	53.911413 	53.948096 
19.623729 	55.188006 	53.911436 	53.948135 
19.623943 	55.188055 	53.911486 	53.948175 
19.624182 	55.188098 	53.911519 	53.948245 
9.629689 	53.159613 	51.926488 	51.965564 
9.629740 	53.159619 	51.926493 	51.965584 
9.629789 	53.159625 	51.926504 	51.965580 
9.629836 	53.159624 	51.926551 	51.965582 
9.629889 	53.159636 	51.926564 	51.965617 
9.629957 	53.159643 	51.926583 	51.965632 
9.630030 	53.159652 	51.926603 	51.965661 
9.630111 	53.159665 	51.926638 	51.965683 
9.630193 	53.159684 	51.926657 	51.965697 
9.630280 	53.159700 	51.926682 	51.965714 
9.630365 	53.159721 	51.926700 	51.965732 
9.630456 	53.159739 	51.926719 	51.965747 
9.630543 	53.159763 	51.926743 	51.965766 
9.630632 	53.159790 	51.926766 	51.965786 
9.630739 	53.159815 	51.926789 	51.965802 
9.630863 	53.159837 	51.926821 	51.965809 
9.630966 	53.159861 	51.926850 	51.965828 
9.631083 	53.159888 	51.926874 	51.965852 
9.631205 	53.159916 	51.926917 	51.965877 
9.631329 	53.159944 	51.926950 	51.965900 
9.631450 	53.159970 	51.926967 	51.965918 
9.631574 	53.159994 	51.926994 	51.965935 
9.631697 	53.160011 	51.927005 	51.965965 
9.631819 	53.160032 	51.926996 	51.965981 
9.631929 	53.160051 	51.926990 	51.965994 
9.632047 	53.160078 	51.926972 	51.966011 
9.632153 	53.160108 	51.926980 	51.966021 
9.632270 	53.160128 	51.927015 	51.966033 
9.632387 	53.160146 	51.927033 	51.966048 
9.632505 	53.160169 	51.927071 	51.966072 
9.632591 	53.160181 	51.927096 	51.966085 
9.632685 	53.160203 	51.927130 	51.966099 
9.632768 	53.160227 	51.927168 	51.966114 
9.632839 	53.160247 	51.927188 	51.966124 
9.632890 	53.160267 	51.927174 	51.966113 
9.632922 	53.160278 	51.927194 	51.966114 
9.632949 	53.160282 	51.927209 	51.966105 
9.632959 	53.160284 	51.927213 	51.966106 
9.632969 	53.160283 	51.927212 	51.966107 
9.632969 	53.160279 	51.927194 	51.966107 
9.632969 	53.160275 	51.927170 	51.966113 
9.632976 	53.160274 	51.927128 	51.966125 
9.632966 	53.160280 	51.927114 	51.966130 
9.632955 	53.160282 	51.927100 	51.966135 
9.632938 	53.160284 	51.927075 	51.966139 
9.632910 	53.160284 	51.927056 	51.966140 
9.632903 	53.160283 	51.927051 	51.966139 
9.632891 	53.160276 	51.927055 	51.966148 
9.632862 	53.160270 	51.927031 	51.966145 
9.632834 	53.160266 	51.927035 	51.966157 
-0.345373 	51.128890 	49.939366 	49.980347 
-0.345390 	51.128886 	49.939357 	49.980337 
-0.345396 	51.128883 	49.939362 	49.980329 
-0.345395 	51.128888 	49.939358 	49.980319 
-0.345379 	51.128884 	49.939362 	49.980315 
-0.345336 	51.128883 	49.939371 	49.980321 
-0.345270 	51.128895 	49.939404 	49.980327 
-0.345164 	51.128915 	49.939446 	49.980335 
-0.345044 	51.128942 	49.939499 	49.980351 
-0.344892 	51.128972 	49.939541 	49.980380 
-0.344721 	51.129011 	49.939593 	49.980417 
-0.344522 	51.129049 	49.939611 	49.980450 
-0.344314 	51.129089 	49.939633 	49.980485 
-0.344078 	51.129131 	49.939620 	49.980526 
-0.343833 	51.129175 	49.939692 	49.980577 
-0.343585 	51.129226 	49.939750 	49.980618 
-0.343334 	51.129281 	49.939790 	49.980659 
-0.343084 	51.129331 	49.939857 	49.980706 
-0.342847 	51.129381 	49.939914 	49.980754 
-0.342621 	51.129426 	49.939961 	49.980803 
-0.342397 	51.129478 	49.940034 	49.980843 
-0.342187 	51.129519 	49.940068 	49.980882 
-0.342004 	51.129558 	49.940103 	49.980911 
-0.341834 	51.129597 	49.940130 	49.980946 
-0.341676 	51.129632 	49.940150 	49.980978 
-0.341555 	51.129666 	49.940188 	49.981000 
-0.341451 	51.129695 	49.940212 	49.981023 
-0.341360 	51.129723 	49.940236 	49.981051 
-0.341268 	51.129743 	49.940248 	49.981087 
-0.341182 	51.129760 	49.940271 	49.981112 
-0.341092 	51.129778 	49.940314 	49.981137 
-0.340988 	51.129794 	49.940375 	49.981156 
-0.340858 	51.129814 	49.940434 	49.981180 
-0.340741 	51.129833 	49.940473 	49.981196 
-0.340628 	51.129853 	49.940511 	49.981218 
-0.340521 	51.129874 	49.940529 	49.981240 
-0.340434 	51.129890 	49.940524 	49.981260 
-0.340376 	51.129898 	49.940516 	49.981285 
-0.340299 	51.129908 	49.940514 	49.981303 
-0.340250 	51.129919 	49.940530 	49.981315 
-0.340211 	51.129922 	49.940540 	49.981321 
-0.340192 	51.129926 	49.940542 	49.981325 
-0.340180 	51.129928 	49.940550 	49.981328 
-0.340180 	51.129928 	49.940602 	49.981347 
-0.340195 	51.129928 	49.940600 	49.981349 
-0.340222 	51.129931 	49.940588 	49.981350 
-0.340236 	51.129928 	49.940583 	49.981349 
-0.340260 	51.129930 	49.940557 	49.981357 
-0.340283 	51.129932 	49.940546 	49.981363 
-0.340308 	51.129921 	49.940536 	49.981365 
-10.318994 	49.091923 	47.947106 	47.989324 
-10.318858 	49.091955 	47.947176 	47.989348 
-10.318708 	49.091987 	47.947239 	47.989362 
-10.318550 	49.092020 	47.947285 	47.989371 
-10.318410 	49.092048 	47.947305 	47.989394 
-10.318282 	49.092078 	47.947333 	47.989411 
-10.318164 	49.092104 	47.947365 	47.989425 
-10.318036 	49.092125 	47.947367 	47.989462 
-10.317922 	49.092150 	47.947409 	47.989494 
-10.317806 	49.092174 	47.947450 	47.989522 
-10.317686 	49.092197 	47.947475 	47.989545 
-10.317570 	49.092226 	47.947439 	47.989563 
-10.317446 	49.092253 	47.947466 	47.989585 
-10.317329 	49.092277 	47.947465 	47.989594 
-10.317207 	49.092304 	47.947472 	47.989618 
-10.317090 	49.092328 	47.947491 	47.989641 
-10.316969 	49.092357 	47.947517 	47.989662 
-10.316826 	49.092387 	47.947527 	47.989685 
-10.316694 	49.092413 	47.947534 	47.989709 
-10.316549 	49.092442 	47.947549 	47.989734 
-10.316384 	49.092473 	47.947576 	47.989761 
-10.316222 	49.092507 	47.947604 	47.989793 
-10.316060 	49.092546 	47.947628 	47.989824 
-10.315906 	49.092582 	47.947666 	47.989857 
-10.315763 	49.092620 	47.947709 	47.989888 
-10.315612 	49.092654 	47.947762 	47.989916 
-10.315492 	49.092683 	47.947825 	47.989948 
-10.315392 	49.092709 	47.947892 	47.989964 
-10.315319 	49.092723 	47.947924 	47.989982 
-10.315270 	49.092723 	47.947997 	47.989982 
-10.315251 	49.092722 	47.948004 	47.989991 
-10.315232 	49.092723 	47.947973 	47.989997 
-10.315245 	49.092716 	47.947948 	47.990005 
-10.315260 	49.092714 	47.947931 	47.990015 
-10.315270 	49.092712 	47.947935 	47.990018 
-10.315273 	49.092708 	47.947927 	47.990028 
-10.315260 	49.092707 	47.947934 	47.990035 
-10.315263 	49.092709 	47.947953 	47.990021 
-10.315262 	49.092710 	47.947938 	47.990013 
-10.315283 	49.092707 	47.947926 	47.990003 
-10.315309 	49.092703 	47.947911 	47.989995 
-10.315324 	49.092695 	47.947911 	47.990005 
-10.315344 	49.092691 	47.947877 	47.989998 
-10.315365 	49.092688 	47.947853 	47.989996 
-10.315385 	49.092681 	47.947805 	47.989995 
-10.315396 	49.092682 	47.947795 	47.990000 
-10.315409 	49.092675 	47.947777 	47.990010 
-10.315428 	49.092672 	47.947769 	47.990012 
-10.315443 	49.092672 	47.947761 	47.990014 
-10.315455 	49.092666 	47.947752 	47.990014 
-20.305552 	47.045703 	45.946656 	45.989345 
-20.305395 	47.045732 	45.946701 	45.989379 
-20.305264 	47.045758 	45.946732 	45.989412 
-20.305143 	47.045769 	45.946758 	45.989444 
-20.305023 	47.045782 	45.946756 	45.989475 
-20.304922 	47.045795 	45.946746 	45.989502 
-20.304846 	47.045805 	45.946817 	45.989532 
-20.304769 	47.045817 	45.946904 	45.989560 
-20.304712 	47.045819 	45.946925 	45.989587 
-20.304655 	47.045822 	45.946946 	45.989611 
-20.304602 	47.045840 	45.946980 	45.989639 
-20.304530 	47.045854 	45.946998 	45.989666 
-20.304451 	47.045869 	45.947004 	45.989692 
-20.304351 	47.045893 	45.947015 	45.989722 
-20.304233 	47.045924 	45.947028 	45.989752 
-20.304098 	47.045960 	45.947041 	45.989783 
-20.303954 	47.045999 	45.947048 	45.989816 
-20.303803 	47.046035 	45.947033 	45.989842 
-20.303645 	47.046060 	45.947030 	45.989869 
-20.303479 	47.046097 	45.947070 	45.989910 
-20.303301 	47.046137 	45.947088 	45.989942 
-20.303136 	47.046170 	45.947119 	45.989979 
-20.302981 	47.046205 	45.947141 	45.990020 
-20.302835 	47.046239 	45.947178 	45.990054 
-20.302659 	47.046271 	45.947212 	45.990094 
-20.302482 	47.046305 	45.947227 	45.990133 
-20.302298 	47.046335 	45.947282 	45.990174 
-20.302081 	47.046371 	45.947252 	45.990216 
-20.301876 	47.046409 	45.947181 	45.990259 
-20.301663 	47.046450 	45.947184 	45.990303 
-20.301449 	47.046497 	45.947115 	45.990344 
-20.301239 	47.046559 	45.947080 	45.990389 
-20.301027 	47.046618 	45.947122 	45.990433 
-20.300812 	47.046676 	45.947066 	45.990478 
-20.300589 	47.046728 	45.947092 	45.990522 
-20.300372 	47.046780 	45.947124 	45.990566 
-20.300163 	47.046841 	45.947148 	45.990598 
-20.299979 	47.046888 	45.947175 	45.990630 
-20.299822 	47.046927 	45.947173 	45.990658 
-20.299685 	47.046954 	45.947208 	45.990678 
-20.299569 	47.046971 	45.947226 	45.990701 
-20.299485 	47.046989 	45.947274 	45.990724 
-20.299427 	47.047006 	45.947304 	45.990745 
-20.299380 	47.047015 	45.947290 	45.990753 
-20.299380 	47.047017 	45.947276 	45.990762 
-20.299400 	47.047011 	45.947266 	45.990770 
-20.299436 	47.047005 	45.947261 	45.990767 
-20.299498 	47.046997 	45.947326 	45.990767 
-20.299580 	47.046990 	45.947361 	45.990770 
-20.299667 	47.046980 	45.947359 	45.990759 
-30.284149 	44.994765 	43.940912 	43.985353 
-30.284026 	44.994802 	43.940946 	43.985379 
-30.283904 	44.994826 	43.941043 	43.985404 
-30.283774 	44.994857 	43.941080 	43.985426 
-30.283621 	44.994886 	43.941022 	43.985455 
-30.283477 	44.994909 	43.940965 	43.985480 
-30.283339 	44.994935 	43.940871 	43.985505 
-30.283210 	44.994966 	43.940831 	43.985532 
-30.283093 	44.995000 	43.940857 	43.985557 
-30.282987 	44.995030 	43.940886 	43.985582 
-30.282882 	44.995048 	43.940893 	43.985602 
-30.282778 	44.995069 	43.940862 	43.985627 
-30.282679 	44.995075 	43.940885 	43.985647 
-30.282565 	44.995079 	43.940935 	43.985665 
-30.282461 	44.995071 	43.940983 	43.985684 
-30.282371 	44.995052 	43.941070 	43.985704 
-30.282300 	44.995052 	43.941105 	43.985725 
-30.282227 	44.995044 	43.941131 	43.985742 
-30.282161 	44.995064 	43.941144 	43.985762 
-30.282093 	44.995087 	43.941091 	43.985782 
-30.282015 	44.995108 	43.941038 	43.985803 
-30.281924 	44.995133 	43.940902 	43.985821 
-30.281842 	44.995154 	43.940793 	43.985838 
-30.281772 	44.995178 	43.940680 	43.985855 
-30.281698 	44.995213 	43.940570 	43.985876 
-30.281626 	44.995247 	43.940510 	43.985898 
-30.281548 	44.995285 	43.940487 	43.985919 
-30.281482 	44.995323 	43.940442 	43.985944 
-30.281410 	44.995359 	43.940392 	43.985968 
-30.281327 	44.995406 	43.940355 	43.985994 
-30.281252 	44.995444 	43.940327 	43.986019 
-30.281172 	44.995470 	43.940327 	43.986048 
-30.281075 	44.995504 	43.940304 	43.986073 
-30.280982 	44.995547 	43.940319 	43.986099 
-30.280902 	44.995572 	43.940382 	43.986119 
-30.280826 	44.995597 	43.940456 	43.986141 
-30.280763 	44.995620 	43.940518 	43.986159 
-30.280713 	44.995638 	43.940508 	43.986178 
-30.280659 	44.995655 	43.940463 	43.986197 
-30.280581 	44.995676 	43.940435 	43.986216 
-30.280498 	44.995686 	43.940400 	43.986239 
-30.280424 	44.995713 	43.940440 	43.986261 
-30.280348 	44.995753 	43.940459 	43.986282 
-30.280272 	44.995794 	43.940472 	43.986305 
-30.280197 	44.995842 	43.940424 	43.986325 
-30.280096 	44.995893 	43.940403 	43.986346 
-30.279985 	44.995935 	43.940403 	43.986365 
-30.279881 	44.995983 	43.940376 	43.986383 
-30.279800 	44.996000 	43.940301 	43.986399 
-30.279726 	44.996017 	43.940276 	43.986413 
-40.260835 	42.937051 	41.929432 	41.975479 
-40.260786 	42.937100 	41.929445 	41.975499 
-40.260762 	42.937207 	41.929454 	41.975518 
-40.260744 	42.937292 	41.929463 	41.975533 
-40.260725 	42.937271 	41.929463 	41.975547 
-40.260684 	42.937281 	41.929460 	41.975561 
-40.260610 	42.937295 	41.929457 	41.975577 
-40.260529 	42.937231 	41.929461 	41.975591 
-40.260452 	42.937180 	41.929469 	41.975604 
-40.260361 	42.937130 	41.929477 	41.975620 
-40.260276 	42.937089 	41.929491 	41.975641 
-40.260184 	42.937061 	41.929500 	41.975658 
-40.260098 	42.937031 	41.929507 	41.975678 
-40.260032 	42.937010 	41.929506 	41.975693 
-40.259978 	42.936950 	41.929500 	41.975707 
-40.259947 	42.936898 	41.929500 	41.975726 
-40.259900 	42.936854 	41.929500 	41.975742 
-40.259851 	42.936863 	41.929500 	41.975761 
-40.259817 	42.936819 	41.929505 	41.975776 
-40.259785 	42.936784 	41.929515 	41.975791 
-40.259760 	42.936726 	41.929526 	41.975807 
-40.259725 	42.936785 	41.929547 	41.975821 
-40.259675 	42.936820 	41.929562 	41.975834 
-40.259606 	42.936825 	41.929566 	41.975846 
-40.259524 	42.936824 	41.929564 	41.975860 
-40.259452 	42.936866 	41.929565 	41.975873 
-40.259375 	42.936902 	41.929572 	41.975895 
-40.259290 	42.936923 	41.929577 	41.975913 
-40.259198 	42.936862 	41.929592 	41.975930 
-40.259088 	42.936825 	41.929608 	41.975949 
-40.258977 	42.936765 	41.929629 	41.975972 
-40.258855 	42.936719 	41.929650 	41.975991 
-40.258724 	42.936676 	41.929672 	41.976013 
-40.258601 	42.936659 	41.929692 	41.976038 
-40.258481 	42.936705 	41.929718 	41.976059 
-40.258369 	42.936726 	41.929749 	41.976083 
-40.258284 	42.936723 	41.929770 	41.976105 
-40.258190 	42.936783 	41.929782 	41.976126 
-40.258115 	42.936796 	41.929794 	41.976148 
-40.258058 	42.936832 	41.929800 	41.976170 
-40.257998 	42.936878 	41.929805 	41.976188 
-40.257918 	42.936926 	41.929812 	41.976208 
-40.257833 	42.936971 	41.929819 	41.976224 
-40.257742 	42.937007 	41.929834 	41.976242 
-40.257659 	42.937084 	41.929853 	41.976259 
-40.257580 	42.937155 	41.929861 	41.976275 
-40.257497 	42.937166 	41.929866 	41.976290 
-40.257438 	42.937154 	41.929870 	41.976300 
-40.257363 	42.937225 	41.929872 	41.976311 
-40.257279 	42.937286 	41.929873 	41.976321 
-50.243657 	40.870237 	39.910316 	39.957376 
-50.243582 	40.870209 	39.910312 	39.957390 
-50.243545 	40.870171 	39.910314 	39.957406 
-50.243537 	40.870179 	39.910304 	39.957427 
-50.243526 	40.870184 	39.910298 	39.957446 
-50.243490 	40.870212 	39.910305 	39.957462 
-50.243448 	40.870283 	39.910309 	39.957470 
-50.243397 	40.870359 	39.910315 	39.957482 
-50.243329 	40.870422 	39.910323 	39.957496 
-50.243270 	40.870415 	39.910328 	39.957505 
-50.243201 	40.870456 	39.910338 	39.957514 
-50.243137 	40.870512 	39.910351 	39.957527 
-50.243062 	40.870554 	39.910366 	39.957538 
-50.242978 	40.870587 	39.910376 	39.957548 
-50.242873 	40.870594 	39.910391 	39.957560 
-50.242775 	40.870609 	39.910406 	39.957576 
-50.242678 	40.870598 	39.910416 	39.957595 
-50.242574 	40.870610 	39.910425 	39.957611 
-50.242460 	40.870581 	39.910441 	39.957631 
-50.242310 	40.870550 	39.910452 	39.957654 
-50.242169 	40.870522 	39.910466 	39.957673 
-50.242029 	40.870485 	39.910477 	39.957693 
-50.241895 	40.870462 	39.910482 	39.957710 
-50.241787 	40.870435 	39.910488 	39.957728 
-50.241707 	40.870443 	39.910484 	39.957748 
-50.241646 	40.870433 	39.910479 	39.957768 
-50.241581 	40.870456 	39.910468 	39.957788 
-50.241536 	40.870498 	39.910447 	39.957804 
-50.241504 	40.870566 	39.910434 	39.957824 
-50.241470 	40.870636 	39.910425 	39.957848 
-50.241412 	40.870709 	39.910421 	39.957874 
-50.241329 	40.870834 	39.910430 	39.957904 
-50.241225 	40.870956 	39.910441 	39.957930 
-50.241078 	40.871013 	39.910465 	39.957952 
-50.240925 	40.871068 	39.910485 	39.957976 
-50.240792 	40.871060 	39.910503 	39.957998 
-50.240681 	40.871011 	39.910529 	39.958025 
-50.240566 	40.870983 	39.910557 	39.958055 
-50.240464 	40.870953 	39.910580 	39.958084 
-50.240358 	40.870971 	39.910600 	39.958115 
-50.240252 	40.870963 	39.910619 	39.958145 
-50.240145 	40.870946 	39.910636 	39.958168 
-50.240038 	40.870942 	39.910656 	39.958191 
-50.239941 	40.870927 	39.910690 	39.958215 
-50.239863 	40.870981 	39.910720 	39.958239 
-50.239785 	40.871015 	39.910751 	39.958257 
-50.239724 	40.871037 	39.910773 	39.958272 
-50.239676 	40.871068 	39.910800 	39.958286 
-50.239645 	40.871070 	39.910824 	39.958298 
-50.239645 	40.871115 	39.910845 	39.958309 
-60.218408 	38.801089 	37.886295 	37.934473 
-60.218302 	38.801219 	37.886324 	37.934508 
-60.218169 	38.801374 	37.886349 	37.934543 
-60.218020 	38.801428 	37.886370 	37.934574 
-60.217935 	38.801444 	37.886402 	37.934604 
-60.217891 	38.801474 	37.886437 	37.934633 
-60.217841 	38.801493 	37.886466 	37.934663 
-60.217807 	38.801562 	37.886509 	37.934695 
-60.217774 	38.801593 	37.886544 	37.934726 
-60.217726 	38.801572 	37.886566 	37.934754 
-60.217713 	38.801499 	37.886604 	37.934781 
-60.217729 	38.801498 	37.886639 	37.934807 
-60.217732 	38.801516 	37.886659 	37.934824 
-60.217739 	38.801631 	37.886678 	37.934836 
-60.217738 	38.801733 	37.886690 	37.934847 
-60.217729 	38.801815 	37.886701 	37.934856 
-60.217734 	38.801911 	37.886717 	37.934868 
-60.217731 	38.801963 	37.886734 	37.934879 
-60.217669 	38.802015 	37.886727 	37.934887 
-60.217613 	38.802000 	37.886717 	37.934896 
-60.217559 	38.801909 	37.886704 	37.934904 
-60.217519 	38.801877 	37.886679 	37.934909 
-60.217489 	38.801867 	37.886650 	37.934916 
-60.217477 	38.801875 	37.886620 	37.934928 
-60.217500 	38.801856 	37.886589 	37.934939 
-60.217566 	38.801880 	37.886568 	37.934947 
-60.217598 	38.801796 	37.886540 	37.934953 
-60.217601 	38.801706 	37.886516 	37.934960 
-60.217666 	38.801634 	37.886520 	37.934964 
-60.217757 	38.801615 	37.886535 	37.934968 
-60.217829 	38.801540 	37.886548 	37.934967 
-60.217890 	38.801437 	37.886558 	37.934963 
-60.217935 	38.801273 	37.886569 	37.934957 
-60.217986 	38.801172 	37.886580 	37.934957 
-60.218042 	38.801138 	37.886550 	37.934962 
-60.218060 	38.801088 	37.886517 	37.934961 
-60.218095 	38.801081 	37.886489 	37.934958 
-60.218161 	38.801062 	37.886470 	37.934950 
-60.218209 	38.801036 	37.886469 	37.934943 
-60.218231 	38.801059 	37.886475 	37.934934 
-60.218231 	38.801070 	37.886474 	37.934929 
-60.218247 	38.800990 	37.886465 	37.934918 
-60.218280 	38.800957 	37.886455 	37.934903 
-60.218267 	38.800937 	37.886444 	37.934896 
-60.218250 	38.800925 	37.886443 	37.934894 
-60.218266 	38.800895 	37.886448 	37.934888 
-60.218272 	38.800866 	37.886443 	37.934885 
-60.218299 	38.800811 	37.886446 	37.934880 
-60.218388 	38.800861 	37.886475 	37.934876 
-60.218473 	38.800924 	37.886537 	37.934871 
