3/28/2019 1:09 PM
nDataPerSetPoint: 50 
RAF Cal T_032819
Reference(C), FastResp 2943(Ohm), FastResp 3243(Ohm), FastResp 2603(Ohm)
39.597828 	56.947934 	58.319212 	56.990743 
39.597638 	56.947890 	58.319144 	56.990712 
39.597492 	56.947847 	58.319077 	56.990695 
39.597358 	56.947822 	58.319021 	56.990667 
39.597244 	56.947795 	58.318991 	56.990649 
39.597125 	56.947776 	58.318960 	56.990622 
39.597010 	56.947762 	58.318933 	56.990595 
39.596910 	56.947754 	58.318868 	56.990583 
39.596812 	56.947747 	58.318813 	56.990585 
39.596756 	56.947754 	58.318790 	56.990604 
39.596760 	56.947748 	58.318788 	56.990616 
39.596849 	56.947767 	58.318829 	56.990654 
39.597005 	56.947811 	58.318856 	56.990691 
39.597222 	56.947858 	58.318878 	56.990732 
39.597469 	56.947880 	58.318894 	56.990777 
39.597702 	56.947898 	58.318903 	56.990805 
39.597894 	56.947918 	58.318910 	56.990840 
39.598068 	56.947922 	58.318906 	56.990855 
39.598220 	56.947927 	58.318919 	56.990871 
39.598394 	56.947929 	58.318901 	56.990875 
39.598553 	56.947944 	58.318885 	56.990893 
39.598668 	56.947947 	58.318866 	56.990901 
39.598734 	56.947941 	58.318848 	56.990910 
39.598753 	56.947943 	58.318837 	56.990892 
39.598709 	56.947935 	58.318808 	56.990884 
39.598615 	56.947926 	58.318792 	56.990864 
39.598515 	56.947910 	58.318776 	56.990845 
39.598423 	56.947920 	58.318782 	56.990853 
39.598390 	56.947929 	58.318784 	56.990867 
39.598403 	56.947958 	58.318790 	56.990892 
39.598480 	56.947977 	58.318743 	56.990899 
39.598538 	56.947980 	58.318734 	56.990903 
39.598544 	56.947982 	58.318698 	56.990911 
39.598516 	56.947975 	58.318682 	56.990935 
39.598473 	56.947963 	58.318649 	56.990941 
39.598465 	56.947973 	58.318612 	56.990947 
39.598487 	56.948001 	58.318627 	56.990979 
39.598541 	56.948016 	58.318655 	56.991005 
39.598628 	56.948035 	58.318722 	56.991027 
39.598704 	56.948047 	58.318745 	56.991020 
39.598752 	56.948050 	58.318743 	56.991004 
39.598749 	56.948030 	58.318654 	56.990974 
39.598679 	56.947984 	58.318615 	56.990940 
39.598541 	56.947939 	58.318576 	56.990897 
39.598374 	56.947903 	58.318583 	56.990858 
39.598231 	56.947868 	58.318603 	56.990831 
39.598121 	56.947847 	58.318597 	56.990803 
39.598041 	56.947835 	58.318573 	56.990794 
39.597971 	56.947819 	58.318528 	56.990789 
39.597872 	56.947812 	58.318498 	56.990784 
29.610564 	55.085061 	56.340084 	55.127398 
29.610533 	55.085066 	56.340091 	55.127406 
29.610535 	55.085067 	56.340086 	55.127422 
29.610525 	55.085085 	56.340112 	55.127433 
29.610498 	55.085083 	56.340136 	55.127436 
29.610444 	55.085080 	56.340147 	55.127436 
29.610383 	55.085080 	56.340155 	55.127438 
29.610354 	55.085073 	56.340150 	55.127432 
29.610343 	55.085084 	56.340135 	55.127456 
29.610361 	55.085091 	56.340118 	55.127471 
29.610412 	55.085114 	56.340123 	55.127488 
29.610461 	55.085142 	56.340135 	55.127500 
29.610513 	55.085157 	56.340145 	55.127502 
29.610532 	55.085155 	56.340186 	55.127491 
29.610539 	55.085148 	56.340217 	55.127482 
29.610534 	55.085135 	56.340235 	55.127493 
29.610562 	55.085155 	56.340248 	55.127526 
29.610623 	55.085146 	56.340256 	55.127549 
29.610717 	55.085156 	56.340263 	55.127574 
29.610837 	55.085160 	56.340252 	55.127598 
29.610956 	55.085164 	56.340252 	55.127602 
29.611047 	55.085169 	56.340259 	55.127604 
29.611086 	55.085192 	56.340277 	55.127595 
29.611056 	55.085165 	56.340266 	55.127597 
29.610982 	55.085159 	56.340244 	55.127575 
29.610894 	55.085135 	56.340213 	55.127596 
29.610865 	55.085129 	56.340231 	55.127593 
29.610872 	55.085144 	56.340242 	55.127621 
29.610919 	55.085156 	56.340267 	55.127628 
29.610972 	55.085170 	56.340305 	55.127653 
29.611007 	55.085192 	56.340321 	55.127659 
29.611016 	55.085205 	56.340389 	55.127636 
29.610973 	55.085196 	56.340407 	55.127625 
29.610934 	55.085168 	56.340423 	55.127615 
29.610908 	55.085155 	56.340394 	55.127608 
29.610893 	55.085143 	56.340387 	55.127605 
29.610899 	55.085161 	56.340385 	55.127606 
29.610907 	55.085173 	56.340399 	55.127607 
29.610921 	55.085175 	56.340422 	55.127597 
29.610913 	55.085186 	56.340446 	55.127588 
29.610881 	55.085171 	56.340450 	55.127582 
29.610854 	55.085162 	56.340450 	55.127575 
29.610816 	55.085160 	56.340456 	55.127561 
29.610800 	55.085184 	56.340465 	55.127565 
29.610789 	55.085203 	56.340468 	55.127565 
29.610804 	55.085222 	56.340469 	55.127560 
29.610818 	55.085238 	56.340478 	55.127536 
29.610816 	55.085251 	56.340493 	55.127536 
29.610786 	55.085242 	56.340516 	55.127534 
29.610718 	55.085243 	56.340553 	55.127527 
19.626130 	53.217261 	54.357797 	53.259644 
19.626039 	53.217277 	54.357781 	53.259662 
19.625989 	53.217287 	54.357752 	53.259687 
19.625971 	53.217284 	54.357741 	53.259717 
19.625989 	53.217302 	54.357730 	53.259731 
19.626060 	53.217332 	54.357747 	53.259769 
19.626204 	53.217376 	54.357757 	53.259819 
19.626408 	53.217409 	54.357754 	53.259863 
19.626622 	53.217457 	54.357731 	53.259901 
19.626818 	53.217472 	54.357728 	53.259924 
19.626968 	53.217469 	54.357721 	53.259964 
19.627081 	53.217452 	54.357708 	53.259976 
19.627175 	53.217451 	54.357673 	53.260009 
19.627248 	53.217438 	54.357634 	53.260024 
19.627303 	53.217423 	54.357603 	53.260026 
19.627357 	53.217390 	54.357562 	53.260053 
19.627399 	53.217374 	54.357524 	53.260066 
19.627432 	53.217377 	54.357495 	53.260060 
19.627424 	53.217369 	54.357475 	53.260037 
19.627385 	53.217343 	54.357432 	53.260005 
19.627331 	53.217330 	54.357381 	53.259973 
19.627269 	53.217321 	54.357361 	53.259976 
19.627229 	53.217316 	54.357333 	53.259973 
19.627250 	53.217308 	54.357303 	53.259984 
19.627319 	53.217314 	54.357313 	53.260003 
19.627413 	53.217346 	54.357360 	53.260034 
19.627572 	53.217390 	54.357383 	53.260077 
19.627784 	53.217396 	54.357404 	53.260124 
19.628024 	53.217447 	54.357439 	53.260159 
19.628250 	53.217491 	54.357495 	53.260196 
19.628459 	53.217514 	54.357547 	53.260228 
19.628642 	53.217525 	54.357563 	53.260273 
19.628794 	53.217535 	54.357579 	53.260295 
19.628888 	53.217560 	54.357606 	53.260290 
19.628905 	53.217545 	54.357635 	53.260281 
19.628890 	53.217545 	54.357656 	53.260254 
19.628831 	53.217532 	54.357664 	53.260236 
19.628774 	53.217518 	54.357685 	53.260227 
19.628733 	53.217508 	54.357721 	53.260239 
19.628740 	53.217513 	54.357736 	53.260237 
19.628730 	53.217511 	54.357737 	53.260225 
19.628722 	53.217508 	54.357753 	53.260205 
19.628691 	53.217511 	54.357782 	53.260167 
19.628637 	53.217486 	54.357794 	53.260117 
19.628558 	53.217454 	54.357801 	53.260077 
19.628447 	53.217422 	54.357781 	53.260014 
19.628332 	53.217386 	54.357797 	53.259970 
19.628228 	53.217360 	54.357802 	53.259958 
19.628147 	53.217338 	54.357788 	53.259963 
19.628120 	53.217336 	54.357803 	53.259964 
9.637826 	51.342224 	52.368590 	51.385585 
9.637943 	51.342243 	52.368549 	51.385605 
9.638046 	51.342253 	52.368500 	51.385619 
9.638156 	51.342267 	52.368502 	51.385640 
9.638225 	51.342285 	52.368517 	51.385651 
9.638289 	51.342292 	52.368511 	51.385653 
9.638333 	51.342283 	52.368504 	51.385651 
9.638340 	51.342288 	52.368507 	51.385640 
9.638312 	51.342286 	52.368465 	51.385638 
9.638279 	51.342288 	52.368447 	51.385637 
9.638260 	51.342292 	52.368418 	51.385649 
9.638266 	51.342304 	52.368432 	51.385672 
9.638314 	51.342321 	52.368430 	51.385692 
9.638393 	51.342349 	52.368458 	51.385729 
9.638490 	51.342373 	52.368476 	51.385739 
9.638569 	51.342397 	52.368459 	51.385746 
9.638640 	51.342411 	52.368429 	51.385755 
9.638682 	51.342409 	52.368411 	51.385751 
9.638702 	51.342404 	52.368458 	51.385745 
9.638704 	51.342418 	52.368511 	51.385758 
9.638727 	51.342432 	52.368544 	51.385789 
9.638769 	51.342449 	52.368548 	51.385814 
9.638829 	51.342474 	52.368554 	51.385834 
9.638898 	51.342499 	52.368580 	51.385848 
9.638971 	51.342520 	52.368607 	51.385886 
9.639020 	51.342534 	52.368618 	51.385909 
9.639066 	51.342533 	52.368611 	51.385897 
9.639125 	51.342550 	52.368608 	51.385895 
9.639191 	51.342556 	52.368604 	51.385909 
9.639272 	51.342599 	52.368619 	51.385927 
9.639370 	51.342625 	52.368640 	51.385958 
9.639466 	51.342649 	52.368680 	51.385971 
9.639542 	51.342667 	52.368736 	51.385982 
9.639590 	51.342680 	52.368774 	51.385984 
9.639606 	51.342681 	52.368820 	51.385983 
9.639575 	51.342688 	52.368867 	51.385985 
9.639528 	51.342712 	52.368905 	51.385981 
9.639486 	51.342717 	52.368937 	51.385987 
9.639471 	51.342718 	52.368996 	51.385995 
9.639463 	51.342741 	52.369050 	51.386000 
9.639453 	51.342756 	52.369105 	51.385997 
9.639439 	51.342756 	52.369139 	51.385997 
9.639406 	51.342776 	52.369183 	51.385995 
9.639359 	51.342767 	52.369222 	51.385998 
9.639298 	51.342772 	52.369263 	51.386001 
9.639258 	51.342769 	52.369310 	51.386009 
9.639227 	51.342775 	52.369377 	51.386026 
9.639236 	51.342794 	52.369449 	51.386052 
9.639273 	51.342816 	52.369466 	51.386079 
9.639350 	51.342832 	52.369453 	51.386079 
-0.335913 	49.464468 	50.376250 	49.508368 
-0.336006 	49.464439 	50.376216 	49.508329 
-0.336116 	49.464416 	50.376190 	49.508307 
-0.336209 	49.464381 	50.376148 	49.508313 
-0.336280 	49.464362 	50.376142 	49.508298 
-0.336343 	49.464358 	50.376147 	49.508294 
-0.336383 	49.464358 	50.376150 	49.508301 
-0.336395 	49.464358 	50.376165 	49.508301 
-0.336390 	49.464348 	50.376150 	49.508299 
-0.336386 	49.464340 	50.376152 	49.508290 
-0.336378 	49.464337 	50.376144 	49.508295 
-0.336358 	49.464338 	50.376170 	49.508299 
-0.336301 	49.464346 	50.376200 	49.508330 
-0.336210 	49.464380 	50.376225 	49.508356 
-0.336099 	49.464417 	50.376270 	49.508406 
-0.335956 	49.464444 	50.376308 	49.508431 
-0.335822 	49.464480 	50.376354 	49.508479 
-0.335683 	49.464521 	50.376382 	49.508495 
-0.335571 	49.464537 	50.376406 	49.508505 
-0.335450 	49.464561 	50.376436 	49.508518 
-0.335325 	49.464580 	50.376466 	49.508530 
-0.335214 	49.464593 	50.376471 	49.508552 
-0.335120 	49.464616 	50.376484 	49.508573 
-0.335039 	49.464631 	50.376491 	49.508582 
-0.334977 	49.464638 	50.376474 	49.508594 
-0.334943 	49.464642 	50.376447 	49.508607 
-0.334890 	49.464649 	50.376432 	49.508612 
-0.334839 	49.464656 	50.376425 	49.508641 
-0.334766 	49.464674 	50.376426 	49.508684 
-0.334642 	49.464700 	50.376436 	49.508724 
-0.334505 	49.464740 	50.376459 	49.508747 
-0.334372 	49.464779 	50.376496 	49.508787 
-0.334250 	49.464815 	50.376534 	49.508800 
-0.334176 	49.464852 	50.376543 	49.508789 
-0.334174 	49.464859 	50.376505 	49.508758 
-0.334244 	49.464840 	50.376451 	49.508716 
-0.334397 	49.464798 	50.376394 	49.508676 
-0.334590 	49.464746 	50.376306 	49.508622 
-0.334799 	49.464717 	50.376253 	49.508595 
-0.335004 	49.464700 	50.376226 	49.508568 
-0.335177 	49.464675 	50.376209 	49.508531 
-0.335346 	49.464657 	50.376163 	49.508502 
-0.335537 	49.464630 	50.376113 	49.508459 
-0.335757 	49.464587 	50.376055 	49.508410 
-0.336005 	49.464542 	50.375999 	49.508352 
-0.336257 	49.464495 	50.375943 	49.508326 
-0.336475 	49.464446 	50.375887 	49.508288 
-0.336657 	49.464405 	50.375839 	49.508259 
-0.336781 	49.464377 	50.375799 	49.508246 
-0.336904 	49.464348 	50.375759 	49.508221 
-10.306117 	47.581110 	48.377705 	47.624885 
-10.306083 	47.581107 	48.377726 	47.624881 
-10.306039 	47.581117 	48.377730 	47.624890 
-10.305996 	47.581142 	48.377732 	47.624881 
-10.305977 	47.581153 	48.377774 	47.624887 
-10.305962 	47.581158 	48.377777 	47.624883 
-10.305973 	47.581152 	48.377768 	47.624895 
-10.305993 	47.581156 	48.377747 	47.624895 
-10.306006 	47.581171 	48.377756 	47.624908 
-10.305989 	47.581184 	48.377765 	47.624949 
-10.305956 	47.581194 	48.377772 	47.624974 
-10.305924 	47.581199 	48.377817 	47.624980 
-10.305873 	47.581210 	48.377858 	47.624981 
-10.305835 	47.581222 	48.377878 	47.624988 
-10.305814 	47.581237 	48.377865 	47.625012 
-10.305797 	47.581229 	48.377859 	47.625025 
-10.305782 	47.581234 	48.377853 	47.625037 
-10.305741 	47.581244 	48.377852 	47.625041 
-10.305681 	47.581260 	48.377875 	47.625050 
-10.305602 	47.581262 	48.377909 	47.625082 
-10.305521 	47.581271 	48.377943 	47.625118 
-10.305446 	47.581284 	48.377971 	47.625141 
-10.305386 	47.581293 	48.377997 	47.625159 
-10.305346 	47.581296 	48.378023 	47.625166 
-10.305338 	47.581280 	48.378033 	47.625173 
-10.305330 	47.581277 	48.378037 	47.625170 
-10.305316 	47.581273 	48.378040 	47.625172 
-10.305287 	47.581244 	48.378031 	47.625174 
-10.305262 	47.581241 	48.378010 	47.625170 
-10.305244 	47.581241 	48.378024 	47.625183 
-10.305242 	47.581247 	48.378029 	47.625186 
-10.305240 	47.581278 	48.378051 	47.625199 
-10.305225 	47.581294 	48.378057 	47.625199 
-10.305200 	47.581306 	48.378071 	47.625213 
-10.305151 	47.581323 	48.378072 	47.625222 
-10.305110 	47.581344 	48.378093 	47.625252 
-10.305051 	47.581368 	48.378118 	47.625270 
-10.304980 	47.581389 	48.378134 	47.625281 
-10.304902 	47.581403 	48.378124 	47.625281 
-10.304841 	47.581404 	48.378137 	47.625264 
-10.304803 	47.581403 	48.378138 	47.625255 
-10.304778 	47.581412 	48.378104 	47.625260 
-10.304761 	47.581409 	48.378103 	47.625260 
-10.304753 	47.581409 	48.378108 	47.625256 
-10.304717 	47.581405 	48.378114 	47.625266 
-10.304688 	47.581417 	48.378124 	47.625266 
-10.304652 	47.581424 	48.378150 	47.625263 
-10.304626 	47.581432 	48.378180 	47.625289 
-10.304603 	47.581437 	48.378190 	47.625317 
-10.304570 	47.581446 	48.378195 	47.625315 
-20.286148 	45.689925 	46.372232 	45.732709 
-20.286059 	45.689938 	46.372230 	45.732721 
-20.285974 	45.689958 	46.372231 	45.732756 
-20.285888 	45.689962 	46.372239 	45.732761 
-20.285812 	45.689991 	46.372250 	45.732771 
-20.285732 	45.690025 	46.372275 	45.732779 
-20.285653 	45.690048 	46.372313 	45.732802 
-20.285582 	45.690069 	46.372346 	45.732829 
-20.285517 	45.690077 	46.372377 	45.732835 
-20.285464 	45.690073 	46.372409 	45.732839 
-20.285420 	45.690066 	46.372449 	45.732842 
-20.285399 	45.690062 	46.372473 	45.732844 
-20.285380 	45.690064 	46.372495 	45.732855 
-20.285366 	45.690082 	46.372510 	45.732871 
-20.285350 	45.690092 	46.372511 	45.732886 
-20.285323 	45.690100 	46.372517 	45.732884 
-20.285291 	45.690100 	46.372527 	45.732890 
-20.285258 	45.690100 	46.372536 	45.732900 
-20.285224 	45.690097 	46.372543 	45.732905 
-20.285210 	45.690090 	46.372550 	45.732910 
-20.285216 	45.690100 	46.372552 	45.732912 
-20.285214 	45.690089 	46.372551 	45.732904 
-20.285208 	45.690076 	46.372533 	45.732903 
-20.285177 	45.690067 	46.372506 	45.732910 
-20.285146 	45.690063 	46.372478 	45.732906 
-20.285109 	45.690061 	46.372455 	45.732906 
-20.285095 	45.690059 	46.372443 	45.732899 
-20.285106 	45.690045 	46.372432 	45.732898 
-20.285145 	45.690055 	46.372413 	45.732887 
-20.285187 	45.690058 	46.372409 	45.732887 
-20.285234 	45.690042 	46.372401 	45.732884 
-20.285272 	45.690035 	46.372402 	45.732884 
-20.285296 	45.690032 	46.372406 	45.732889 
-20.285314 	45.690033 	46.372408 	45.732903 
-20.285311 	45.690036 	46.372408 	45.732925 
-20.285280 	45.690032 	46.372397 	45.732948 
-20.285246 	45.690036 	46.372420 	45.732949 
-20.285200 	45.690029 	46.372445 	45.732962 
-20.285155 	45.690036 	46.372460 	45.732981 
-20.285103 	45.690049 	46.372464 	45.732988 
-20.285046 	45.690066 	46.372449 	45.733025 
-20.284980 	45.690084 	46.372437 	45.733037 
-20.284902 	45.690091 	46.372428 	45.733038 
-20.284830 	45.690078 	46.372429 	45.733035 
-20.284762 	45.690070 	46.372451 	45.733044 
-20.284720 	45.690072 	46.372469 	45.733064 
-20.284697 	45.690078 	46.372464 	45.733068 
-20.284678 	45.690072 	46.372461 	45.733062 
-20.284666 	45.690071 	46.372459 	45.733061 
-20.284645 	45.690082 	46.372460 	45.733065 
-30.261051 	43.793402 	44.362108 	43.835735 
-30.261028 	43.793409 	44.362112 	43.835748 
-30.261016 	43.793390 	44.362105 	43.835755 
-30.260999 	43.793377 	44.362096 	43.835777 
-30.260962 	43.793373 	44.362107 	43.835793 
-30.260915 	43.793370 	44.362117 	43.835809 
-30.260836 	43.793386 	44.362131 	43.835825 
-30.260741 	43.793401 	44.362149 	43.835841 
-30.260629 	43.793413 	44.362162 	43.835864 
-30.260509 	43.793443 	44.362177 	43.835895 
-30.260380 	43.793456 	44.362208 	43.835911 
-30.260269 	43.793483 	44.362241 	43.835938 
-30.260157 	43.793527 	44.362272 	43.835966 
-30.260058 	43.793573 	44.362298 	43.835990 
-30.259959 	43.793611 	44.362307 	43.836021 
-30.259863 	43.793641 	44.362308 	43.836040 
-30.259773 	43.793678 	44.362314 	43.836056 
-30.259697 	43.793697 	44.362328 	43.836066 
-30.259639 	43.793724 	44.362339 	43.836084 
-30.259589 	43.793754 	44.362356 	43.836091 
-30.259543 	43.793773 	44.362369 	43.836117 
-30.259499 	43.793794 	44.362378 	43.836125 
-30.259450 	43.793815 	44.362396 	43.836148 
-30.259388 	43.793849 	44.362416 	43.836161 
-30.259346 	43.793900 	44.362434 	43.836169 
-30.259296 	43.793940 	44.362456 	43.836182 
-30.259250 	43.793970 	44.362489 	43.836191 
-30.259213 	43.793984 	44.362521 	43.836203 
-30.259184 	43.793989 	44.362551 	43.836209 
-30.259162 	43.793991 	44.362621 	43.836225 
-30.259136 	43.793993 	44.362684 	43.836235 
-30.259104 	43.793989 	44.362738 	43.836233 
-30.259061 	43.793999 	44.362786 	43.836231 
-30.259004 	43.794006 	44.362830 	43.836252 
-30.258955 	43.794019 	44.362858 	43.836260 
-30.258917 	43.794035 	44.362871 	43.836262 
-30.258895 	43.794029 	44.362881 	43.836269 
-30.258877 	43.794032 	44.362891 	43.836270 
-30.258868 	43.794024 	44.362910 	43.836290 
-30.258851 	43.794018 	44.362936 	43.836298 
-30.258840 	43.794027 	44.362951 	43.836314 
-30.258822 	43.794020 	44.362960 	43.836319 
-30.258793 	43.794004 	44.362970 	43.836332 
-30.258763 	43.793997 	44.362980 	43.836341 
-30.258744 	43.793991 	44.362996 	43.836351 
-30.258726 	43.793989 	44.363014 	43.836356 
-30.258699 	43.793994 	44.363029 	43.836362 
-30.258670 	43.793992 	44.363044 	43.836374 
-30.258633 	43.793997 	44.363056 	43.836370 
-30.258593 	43.793981 	44.363060 	43.836386 
-40.227841 	41.891949 	42.422665 	41.934701 
-40.227857 	41.891945 	42.422655 	41.934705 
-40.227875 	41.891934 	42.422650 	41.934707 
-40.227884 	41.891920 	42.422617 	41.934699 
-40.227884 	41.891904 	42.422564 	41.934703 
-40.227865 	41.891899 	42.422517 	41.934711 
-40.227842 	41.891941 	42.422497 	41.934717 
-40.227819 	41.892004 	42.422491 	41.934722 
-40.227781 	41.892062 	42.422486 	41.934736 
-40.227751 	41.892123 	42.422500 	41.934746 
-40.227725 	41.892165 	42.422507 	41.934765 
-40.227701 	41.892215 	42.422513 	41.934769 
-40.227669 	41.892240 	42.422525 	41.934781 
-40.227637 	41.892241 	42.422541 	41.934778 
-40.227617 	41.892240 	42.422561 	41.934782 
-40.227605 	41.892213 	42.422515 	41.934782 
-40.227602 	41.892190 	42.422471 	41.934781 
-40.227601 	41.892184 	42.422440 	41.934766 
-40.227609 	41.892184 	42.422455 	41.934760 
-40.227625 	41.892201 	42.422444 	41.934757 
-40.227643 	41.892224 	42.422430 	41.934739 
-40.227656 	41.892266 	42.422422 	41.934721 
-40.227669 	41.892272 	42.422416 	41.934708 
-40.227690 	41.892285 	42.422382 	41.934704 
-40.227709 	41.892310 	42.422360 	41.934698 
-40.227723 	41.892325 	42.422397 	41.934689 
-40.227722 	41.892342 	42.422426 	41.934682 
-40.227707 	41.892373 	42.422446 	41.934682 
-40.227697 	41.892406 	42.422427 	41.934686 
-40.227696 	41.892430 	42.422376 	41.934693 
-40.227703 	41.892471 	42.422344 	41.934688 
-40.227713 	41.892507 	42.422339 	41.934688 
-40.227731 	41.892543 	42.422303 	41.934686 
-40.227749 	41.892577 	42.422264 	41.934692 
-40.227776 	41.892607 	42.422236 	41.934686 
-40.227803 	41.892624 	42.422224 	41.934677 
-40.227827 	41.892606 	42.422221 	41.934679 
-40.227840 	41.892568 	42.422185 	41.934674 
-40.227853 	41.892525 	42.422127 	41.934672 
-40.227851 	41.892475 	42.422065 	41.934681 
-40.227833 	41.892451 	42.422025 	41.934682 
-40.227811 	41.892421 	42.421989 	41.934695 
-40.227790 	41.892397 	42.421969 	41.934703 
-40.227760 	41.892417 	42.421942 	41.934709 
-40.227738 	41.892417 	42.421893 	41.934721 
-40.227714 	41.892426 	42.421875 	41.934720 
-40.227686 	41.892428 	42.421861 	41.934728 
-40.227664 	41.892424 	42.421848 	41.934748 
-40.227633 	41.892425 	42.421795 	41.934761 
-40.227599 	41.892434 	42.421780 	41.934776 
-50.197843 	39.982214 	40.399505 	40.025762 
-50.197793 	39.982217 	40.399467 	40.025784 
-50.197748 	39.982235 	40.399429 	40.025806 
-50.197719 	39.982167 	40.399411 	40.025826 
-50.197701 	39.982166 	40.399404 	40.025846 
-50.197679 	39.982148 	40.399393 	40.025863 
-50.197665 	39.982169 	40.399386 	40.025878 
-50.197643 	39.982180 	40.399381 	40.025897 
-50.197603 	39.982193 	40.399371 	40.025916 
-50.197522 	39.982191 	40.399358 	40.025931 
-50.197412 	39.982161 	40.399338 	40.025946 
-50.197295 	39.982094 	40.399310 	40.025973 
-50.197179 	39.982091 	40.399285 	40.025989 
-50.197060 	39.982157 	40.399272 	40.026009 
-50.196924 	39.982259 	40.399257 	40.026029 
-50.196801 	39.982333 	40.399232 	40.026046 
-50.196686 	39.982393 	40.399205 	40.026065 
-50.196600 	39.982454 	40.399196 	40.026084 
-50.196509 	39.982567 	40.399207 	40.026095 
-50.196422 	39.982635 	40.399229 	40.026099 
-50.196354 	39.982682 	40.399245 	40.026085 
-50.196296 	39.982712 	40.399245 	40.026081 
-50.196278 	39.982731 	40.399228 	40.026057 
-50.196290 	39.982734 	40.399206 	40.026040 
-50.196319 	39.982762 	40.399185 	40.026028 
-50.196361 	39.982799 	40.399162 	40.026012 
-50.196399 	39.982847 	40.399148 	40.026028 
-50.196431 	39.982905 	40.399133 	40.026030 
-50.196437 	39.982951 	40.399123 	40.026013 
-50.196436 	39.982973 	40.399113 	40.025997 
-50.196417 	39.983016 	40.399118 	40.025987 
-50.196400 	39.983036 	40.399136 	40.025972 
-50.196400 	39.983056 	40.399158 	40.025956 
-50.196392 	39.983100 	40.399176 	40.025952 
-50.196374 	39.983123 	40.399189 	40.025954 
-50.196351 	39.983145 	40.399195 	40.025959 
-50.196331 	39.983136 	40.399191 	40.025966 
-50.196323 	39.983145 	40.399196 	40.025981 
-50.196322 	39.983160 	40.399222 	40.025993 
-50.196353 	39.983162 	40.399248 	40.025995 
-50.196409 	39.983186 	40.399274 	40.025989 
-50.196432 	39.983229 	40.399303 	40.025981 
-50.196434 	39.983204 	40.399324 	40.025978 
-50.196442 	39.983162 	40.399331 	40.025979 
-50.196440 	39.983090 	40.399336 	40.025980 
-50.196427 	39.983111 	40.399339 	40.025981 
-50.196413 	39.983120 	40.399343 	40.025984 
-50.196402 	39.983104 	40.399334 	40.025982 
-50.196423 	39.983086 	40.399311 	40.025980 
-50.196435 	39.983096 	40.399288 	40.025978 
-60.138468 	38.067719 	38.366481 	38.113307 
-60.138362 	38.067750 	38.366498 	38.113313 
-60.138233 	38.067788 	38.366518 	38.113322 
-60.138097 	38.067829 	38.366544 	38.113332 
-60.137963 	38.067892 	38.366573 	38.113339 
-60.137858 	38.067956 	38.366603 	38.113345 
-60.137789 	38.068003 	38.366637 	38.113359 
-60.137726 	38.068035 	38.366676 	38.113373 
-60.137673 	38.068061 	38.366709 	38.113398 
-60.137617 	38.068087 	38.366742 	38.113435 
-60.137534 	38.068119 	38.366772 	38.113475 
-60.137454 	38.068130 	38.366801 	38.113510 
-60.137342 	38.068125 	38.366822 	38.113529 
-60.137245 	38.068133 	38.366838 	38.113542 
-60.137140 	38.068163 	38.366848 	38.113560 
-60.137061 	38.068211 	38.366853 	38.113572 
-60.136978 	38.068263 	38.366854 	38.113591 
-60.136895 	38.068303 	38.366856 	38.113585 
-60.136832 	38.068328 	38.366857 	38.113572 
-60.136798 	38.068356 	38.366856 	38.113557 
-60.136790 	38.068374 	38.366855 	38.113566 
-60.136833 	38.068361 	38.366850 	38.113572 
-60.136831 	38.068349 	38.366843 	38.113563 
-60.136858 	38.068342 	38.366833 	38.113539 
-60.136912 	38.068344 	38.366820 	38.113516 
-60.136938 	38.068342 	38.366807 	38.113493 
-60.137005 	38.068342 	38.366792 	38.113477 
-60.137054 	38.068352 	38.366777 	38.113473 
-60.137065 	38.068377 	38.366765 	38.113485 
-60.137084 	38.068393 	38.366756 	38.113502 
-60.137088 	38.068369 	38.366746 	38.113508 
-60.137032 	38.068337 	38.366734 	38.113519 
-60.136898 	38.068318 	38.366718 	38.113527 
-60.136744 	38.068313 	38.366697 	38.113529 
-60.136584 	38.068316 	38.366669 	38.113535 
-60.136464 	38.068316 	38.366634 	38.113541 
-60.136332 	38.068313 	38.366592 	38.113544 
-60.136187 	38.068304 	38.366548 	38.113554 
-60.136015 	38.068300 	38.366502 	38.113558 
-60.135849 	38.068333 	38.366456 	38.113556 
-60.135739 	38.068379 	38.366409 	38.113555 
-60.135664 	38.068423 	38.366368 	38.113544 
-60.135608 	38.068458 	38.366331 	38.113555 
-60.135560 	38.068490 	38.366303 	38.113572 
-60.135521 	38.068523 	38.366277 	38.113583 
-60.135476 	38.068553 	38.366256 	38.113589 
-60.135450 	38.068582 	38.366235 	38.113587 
-60.135468 	38.068604 	38.366211 	38.113596 
-60.135473 	38.068630 	38.366187 	38.113603 
-60.135502 	38.068647 	38.366163 	38.113612 
