5/24/2016 9:34 AM
nDataPerSetPoint: 50
Calibrating RAF Probes
Reference(C), FastResp 3243(Ohm)
39.742418 58.350485
39.742359 58.350440
39.742314 58.350405
39.742291 58.350368
39.742286 58.350331
39.742292 58.350319
39.742306 58.350302
39.742293 58.350285
39.742254 58.350281
39.742215 58.350273
39.742194 58.350254
39.742187 58.350231
39.742193 58.350208
39.742203 58.350179
39.742195 58.350107
39.742169 58.350035
39.742136 58.349956
39.742087 58.349873
39.742044 58.349788
39.741980 58.349703
39.741915 58.349622
39.741869 58.349540
39.741807 58.349471
39.741734 58.349396
39.741664 58.349322
39.741590 58.349249
39.741518 58.349162
39.741435 58.349067
39.741359 58.348987
39.741285 58.348887
39.741192 58.348801
39.741093 58.348711
39.740985 58.348620
39.740866 58.348518
39.740728 58.348401
39.740601 58.348310
39.740473 58.348200
39.740369 58.348082
39.740291 58.347973
39.740211 58.347869
39.740131 58.347764
39.740032 58.347662
39.739943 58.347561
39.739850 58.347463
39.739763 58.347399
39.739691 58.347343
39.739631 58.347295
39.739596 58.347247
39.739539 58.347211
39.739492 58.347174
29.746187 56.374552
29.746224 56.374557
29.746250 56.374570
29.746255 56.374585
29.746245 56.374592
29.746220 56.374603
29.746198 56.374612
29.746164 56.374615
29.746139 56.374613
29.746118 56.374609
29.746095 56.374603
29.746074 56.374578
29.746057 56.374567
29.746064 56.374565
29.746097 56.374566
29.746142 56.374568
29.746200 56.374574
29.746258 56.374583
29.746295 56.374592
29.746321 56.374598
29.746322 56.374578
29.746318 56.374575
29.746315 56.374574
29.746328 56.374575
29.746346 56.374577
29.746392 56.374582
29.746451 56.374581
29.746507 56.374572
29.746561 56.374579
29.746608 56.374577
29.746653 56.374573
29.746690 56.374577
29.746715 56.374570
29.746745 56.374564
29.746765 56.374561
29.746782 56.374551
29.746791 56.374546
29.746788 56.374540
29.746793 56.374534
29.746814 56.374529
29.746869 56.374526
29.746943 56.374546
29.747028 56.374561
29.747115 56.374579
29.747193 56.374593
29.747278 56.374603
29.747372 56.374606
29.747478 56.374600
29.747583 56.374599
29.747713 56.374602
19.760610 54.451194
19.760637 54.451182
19.760673 54.451171
19.760691 54.451180
19.760669 54.451178
19.760615 54.451168
19.760540 54.451153
19.760459 54.451136
19.760407 54.451114
19.760406 54.451098
19.760454 54.451086
19.760526 54.451079
19.760572 54.451072
19.760598 54.451063
19.760582 54.451062
19.760542 54.451050
19.760508 54.451036
19.760475 54.451020
19.760486 54.451007
19.760530 54.450993
19.760570 54.450983
19.760604 54.450966
19.760624 54.450953
19.760598 54.450944
19.760545 54.450932
19.760496 54.450920
19.760453 54.450930
19.760442 54.450931
19.760459 54.450931
19.760501 54.450937
19.760553 54.450947
19.760598 54.450953
19.760625 54.450957
19.760646 54.450963
19.760661 54.450970
19.760673 54.450973
19.760689 54.450972
19.760696 54.450964
19.760681 54.450957
19.760646 54.450935
19.760612 54.450921
19.760583 54.450909
19.760581 54.450904
19.760585 54.450898
19.760615 54.450886
19.760657 54.450877
19.760699 54.450875
19.760738 54.450877
19.760746 54.450877
19.760709 54.450874
9.775512 52.408942
9.775508 52.408940
9.775496 52.408937
9.775473 52.408936
9.775448 52.408942
9.775442 52.408946
9.775433 52.408934
9.775416 52.408919
9.775384 52.408900
9.775362 52.408878
9.775345 52.408849
9.775330 52.408822
9.775314 52.408810
9.775305 52.408808
9.775315 52.408798
9.775338 52.408793
9.775375 52.408795
9.775398 52.408791
9.775411 52.408787
9.775425 52.408789
9.775449 52.408794
9.775482 52.408801
9.775534 52.408808
9.775614 52.408813
9.775700 52.408822
9.775783 52.408824
9.775846 52.408824
9.775904 52.408821
9.775952 52.408821
9.776003 52.408823
9.776070 52.408828
9.776143 52.408831
9.776214 52.408834
9.776287 52.408834
9.776351 52.408828
9.776402 52.408821
9.776454 52.408823
9.776511 52.408831
9.776572 52.408845
9.776636 52.408862
9.776713 52.408883
9.776801 52.408894
9.776885 52.408903
9.776966 52.408909
9.777028 52.408908
9.777076 52.408901
9.777124 52.408892
9.777173 52.408879
9.777234 52.408872
9.777293 52.408872
-0.215060 50.382613
-0.215192 50.382586
-0.215332 50.382552
-0.215465 50.382519
-0.215574 50.382469
-0.215643 50.382420
-0.215680 50.382378
-0.215699 50.382356
-0.215725 50.382337
-0.215754 50.382316
-0.215798 50.382302
-0.215839 50.382289
-0.215879 50.382277
-0.215901 50.382270
-0.215891 50.382256
-0.215862 50.382233
-0.215824 50.382206
-0.215782 50.382185
-0.215738 50.382163
-0.215702 50.382152
-0.215664 50.382144
-0.215602 50.382131
-0.215517 50.382128
-0.215402 50.382132
-0.215267 50.382130
-0.215121 50.382128
-0.214992 50.382116
-0.214889 50.382118
-0.214817 50.382133
-0.214763 50.382138
-0.214705 50.382151
-0.214616 50.382165
-0.214497 50.382178
-0.214379 50.382197
-0.214258 50.382226
-0.214139 50.382264
-0.214032 50.382304
-0.213936 50.382326
-0.213832 50.382341
-0.213743 50.382373
-0.213659 50.382400
-0.213584 50.382429
-0.213510 50.382448
-0.213439 50.382466
-0.213384 50.382481
-0.213326 50.382508
-0.213259 50.382549
-0.213189 50.382591
-0.213104 50.382619
-0.213021 50.382644
-10.195505 48.387338
-10.195459 48.387366
-10.195408 48.387393
-10.195376 48.387415
-10.195357 48.387438
-10.195349 48.387453
-10.195351 48.387473
-10.195351 48.387477
-10.195345 48.387484
-10.195332 48.387488
-10.195319 48.387492
-10.195314 48.387487
-10.195310 48.387470
-10.195315 48.387463
-10.195310 48.387444
-10.195289 48.387410
-10.195261 48.387375
-10.195242 48.387345
-10.195229 48.387329
-10.195224 48.387317
-10.195241 48.387306
-10.195258 48.387295
-10.195275 48.387271
-10.195282 48.387256
-10.195267 48.387243
-10.195242 48.387242
-10.195217 48.387242
-10.195184 48.387254
-10.195155 48.387259
-10.195152 48.387243
-10.195162 48.387226
-10.195182 48.387208
-10.195213 48.387194
-10.195229 48.387186
-10.195240 48.387181
-10.195242 48.387175
-10.195239 48.387155
-10.195233 48.387154
-10.195227 48.387156
-10.195219 48.387153
-10.195194 48.387139
-10.195161 48.387129
-10.195127 48.387136
-10.195090 48.387134
-10.195080 48.387136
-10.195102 48.387153
-10.195145 48.387172
-10.195206 48.387178
-10.195281 48.387177
-10.195355 48.387173
-20.183723 46.403338
-20.183367 46.403421
-20.183051 46.403506
-20.182788 46.403586
-20.182580 46.403668
-20.182391 46.403741
-20.182230 46.403804
-20.182099 46.403857
-20.182002 46.403900
-20.181954 46.403937
-20.181940 46.403974
-20.181952 46.403990
-20.181958 46.403990
-20.181948 46.403987
-20.181907 46.403988
-20.181846 46.403995
-20.181769 46.403999
-20.181713 46.404008
-20.181680 46.404020
-20.181679 46.404030
-20.181696 46.404030
-20.181733 46.404033
-20.181769 46.404045
-20.181798 46.404057
-20.181817 46.404071
-20.181843 46.404072
-20.181891 46.404070
-20.181961 46.404064
-20.182038 46.404058
-20.182103 46.404046
-20.182158 46.404032
-20.182192 46.404022
-20.182218 46.404016
-20.182247 46.404004
-20.182276 46.403989
-20.182338 46.403975
-20.182434 46.403966
-20.182541 46.403961
-20.182647 46.403957
-20.182735 46.403955
-20.182805 46.403947
-20.182850 46.403951
-20.182899 46.403969
-20.182949 46.403987
-20.183015 46.403993
-20.183075 46.403995
-20.183135 46.403995
-20.183172 46.403991
-20.183205 46.403978
-20.183215 46.403965
-30.162080 44.389367
-30.162261 44.389382
-30.162476 44.389391
-30.162742 44.389394
-30.163043 44.389391
-30.163374 44.389384
-30.163707 44.389369
-30.164021 44.389348
-30.164305 44.389322
-30.164544 44.389289
-30.164754 44.389261
-30.164925 44.389236
-30.165067 44.389214
-30.165184 44.389189
-30.165286 44.389167
-30.165344 44.389151
-30.165367 44.389137
-30.165332 44.389127
-30.165242 44.389118
-30.165112 44.389109
-30.164964 44.389100
-30.164828 44.389094
-30.164689 44.389088
-30.164562 44.389091
-30.164448 44.389094
-30.164352 44.389102
-30.164299 44.389113
-30.164266 44.389118
-30.164275 44.389117
-30.164311 44.389110
-30.164364 44.389105
-30.164438 44.389106
-30.164511 44.389113
-30.164576 44.389119
-30.164623 44.389125
-30.164646 44.389127
-30.164641 44.389129
-30.164604 44.389130
-30.164539 44.389133
-30.164461 44.389144
-30.164353 44.389157
-30.164214 44.389173
-30.164052 44.389190
-30.163867 44.389209
-30.163668 44.389226
-30.163497 44.389242
-30.163352 44.389256
-30.163280 44.389265
-30.163296 44.389276
-30.163389 44.389287
-40.148238 42.370343
-40.148226 42.370367
-40.148218 42.370386
-40.148216 42.370401
-40.148219 42.370413
-40.148215 42.370421
-40.148217 42.370430
-40.148221 42.370438
-40.148223 42.370451
-40.148230 42.370464
-40.148235 42.370476
-40.148230 42.370485
-40.148229 42.370494
-40.148236 42.370502
-40.148265 42.370509
-40.148299 42.370514
-40.148331 42.370517
-40.148364 42.370519
-40.148396 42.370523
-40.148419 42.370526
-40.148444 42.370528
-40.148461 42.370531
-40.148494 42.370530
-40.148515 42.370528
-40.148553 42.370523
-40.148604 42.370518
-40.148684 42.370512
-40.148791 42.370508
-40.148929 42.370499
-40.149079 42.370492
-40.149252 42.370485
-40.149429 42.370479
-40.149602 42.370475
-40.149751 42.370470
-40.149874 42.370464
-40.149972 42.370458
-40.150037 42.370452
-40.150075 42.370441
-40.150095 42.370424
-40.150096 42.370407
-40.150076 42.370393
-40.150054 42.370382
-40.150018 42.370372
-40.149967 42.370365
-40.149897 42.370364
-40.149798 42.370366
-40.149698 42.370372
-40.149584 42.370382
-40.149474 42.370396
-40.149370 42.370411
-50.140069 40.347172
-50.139879 40.347174
-50.139686 40.347177
-50.139501 40.347184
-50.139368 40.347195
-50.139286 40.347207
-50.139242 40.347219
-50.139246 40.347229
-50.139296 40.347238
-50.139379 40.347248
-50.139463 40.347257
-50.139531 40.347264
-50.139569 40.347271
-50.139586 40.347279
-50.139574 40.347285
-50.139561 40.347290
-50.139508 40.347294
-50.139424 40.347299
-50.139333 40.347302
-50.139267 40.347305
-50.139249 40.347310
-50.139283 40.347316
-50.139366 40.347321
-50.139524 40.347327
-50.139731 40.347330
-50.139970 40.347331
-50.140196 40.347329
-50.140404 40.347324
-50.140574 40.347317
-50.140692 40.347310
-50.140770 40.347305
-50.140773 40.347302
-50.140713 40.347298
-50.140588 40.347294
-50.140386 40.347290
-50.140124 40.347289
-50.139827 40.347290
-50.139540 40.347294
-50.139278 40.347301
-50.139076 40.347309
-50.138959 40.347320
-50.138930 40.347330
-50.138998 40.347339
-50.139128 40.347346
-50.139294 40.347353
-50.139457 40.347354
-50.139624 40.347352
-50.139768 40.347349
-50.139855 40.347342
-50.139874 40.347334
-60.130351 38.338141
-60.130308 38.338158
-60.130230 38.338175
-60.130144 38.338192
-60.130080 38.338210
-60.129978 38.338227
-60.129859 38.338244
-60.129771 38.338262
-60.129694 38.338282
-60.129639 38.338302
-60.129554 38.338323
-60.129442 38.338345
-60.129332 38.338367
-60.129225 38.338389
-60.129108 38.338413
-60.128987 38.338436
-60.128849 38.338460
-60.128736 38.338487
-60.128614 38.338513
-60.128511 38.338541
-60.128410 38.338567
-60.128277 38.338595
-60.128060 38.338624
-60.127898 38.338654
-60.127775 38.338682
-60.127667 38.338710
-60.127618 38.338735
-60.127587 38.338763
-60.127541 38.338790
-60.127505 38.338816
-60.127504 38.338842
-60.127524 38.338868
-60.127582 38.338893
-60.127641 38.338919
-60.127725 38.338944
-60.127801 38.338969
-60.127871 38.338996
-60.127897 38.339021
-60.127904 38.339046
-60.127900 38.339070
-60.127899 38.339094
-60.127889 38.339117
-60.127885 38.339140
-60.127874 38.339163
-60.127894 38.339185
-60.127930 38.339208
-60.127982 38.339230
-60.127991 38.339249
-60.128016 38.339268
-60.128059 38.339285
