2/11/2026 4:04 PM
nDataPerSetPoint: 50
RAF Temperature Probe Calibration
Reference(C), Heated 812453A(Ohm), Heated 812453B(Ohm), FastResp 2932(Ohm)
39.602331 	57.851047 	57.829614 	58.117403 
39.602254 	57.851036 	57.829604 	58.117387 
39.602191 	57.851021 	57.829592 	58.117371 
39.602140 	57.851006 	57.829583 	58.117354 
39.602075 	57.850989 	57.829567 	58.117344 
39.602001 	57.850977 	57.829559 	58.117332 
39.601937 	57.850970 	57.829546 	58.117313 
39.601875 	57.850960 	57.829537 	58.117298 
39.601789 	57.850930 	57.829503 	58.117281 
39.601684 	57.850898 	57.829471 	58.117257 
39.601583 	57.850865 	57.829442 	58.117224 
39.601461 	57.850839 	57.829414 	58.117199 
39.601343 	57.850799 	57.829382 	58.117175 
39.601211 	57.850771 	57.829351 	58.117143 
39.601071 	57.850737 	57.829312 	58.117115 
39.600930 	57.850710 	57.829281 	58.117083 
39.600782 	57.850671 	57.829238 	58.117053 
39.600634 	57.850632 	57.829199 	58.117023 
39.600482 	57.850602 	57.829166 	58.116998 
39.600355 	57.850579 	57.829146 	58.116985 
39.600235 	57.850568 	57.829145 	58.116974 
39.600144 	57.850563 	57.829140 	58.116949 
39.600058 	57.850545 	57.829117 	58.116937 
39.599982 	57.850531 	57.829106 	58.116926 
39.599934 	57.850527 	57.829099 	58.116928 
39.599887 	57.850519 	57.829090 	58.116923 
39.599846 	57.850518 	57.829091 	58.116909 
39.599825 	57.850520 	57.829096 	58.116887 
39.599836 	57.850523 	57.829098 	58.116872 
39.599835 	57.850526 	57.829103 	58.116869 
39.599836 	57.850530 	57.829104 	58.116864 
39.599854 	57.850525 	57.829101 	58.116867 
39.599873 	57.850529 	57.829105 	58.116866 
39.599880 	57.850538 	57.829106 	58.116875 
39.599923 	57.850553 	57.829126 	58.116875 
39.599975 	57.850584 	57.829158 	58.116883 
39.600046 	57.850608 	57.829186 	58.116903 
39.600131 	57.850634 	57.829216 	58.116928 
39.600244 	57.850663 	57.829251 	58.116952 
39.600390 	57.850711 	57.829300 	58.116994 
39.600556 	57.850768 	57.829354 	58.117043 
39.600728 	57.850820 	57.829405 	58.117086 
39.600929 	57.850875 	57.829461 	58.117121 
39.601133 	57.850925 	57.829513 	58.117158 
39.601357 	57.850976 	57.829565 	58.117192 
39.601584 	57.851023 	57.829614 	58.117234 
39.601826 	57.851080 	57.829673 	58.117272 
39.602051 	57.851132 	57.829723 	58.117313 
39.602277 	57.851185 	57.829779 	58.117350 
39.602489 	57.851225 	57.829819 	58.117384 
29.594222 	55.882569 	55.863119 	56.135881 
29.594403 	55.882603 	55.863150 	56.135926 
29.594565 	55.882634 	55.863187 	56.135960 
29.594744 	55.882672 	55.863230 	56.135991 
29.594898 	55.882698 	55.863248 	56.136026 
29.595050 	55.882715 	55.863262 	56.136043 
29.595178 	55.882732 	55.863281 	56.136059 
29.595293 	55.882742 	55.863289 	56.136073 
29.595397 	55.882750 	55.863301 	56.136085 
29.595511 	55.882763 	55.863311 	56.136098 
29.595590 	55.882777 	55.863326 	56.136111 
29.595681 	55.882787 	55.863340 	56.136107 
29.595762 	55.882793 	55.863344 	56.136125 
29.595844 	55.882806 	55.863363 	56.136139 
29.595940 	55.882831 	55.863389 	56.136155 
29.596050 	55.882857 	55.863412 	56.136161 
29.596170 	55.882894 	55.863448 	56.136178 
29.596282 	55.882924 	55.863478 	56.136201 
29.596405 	55.882957 	55.863512 	56.136222 
29.596532 	55.882988 	55.863540 	56.136246 
29.596654 	55.883013 	55.863563 	56.136276 
29.596773 	55.883035 	55.863586 	56.136309 
29.596869 	55.883051 	55.863601 	56.136327 
29.596956 	55.883073 	55.863613 	56.136351 
29.597002 	55.883086 	55.863626 	56.136373 
29.597048 	55.883089 	55.863628 	56.136383 
29.597067 	55.883089 	55.863624 	56.136393 
29.597081 	55.883083 	55.863614 	56.136376 
29.597075 	55.883073 	55.863605 	56.136379 
29.597040 	55.883065 	55.863598 	56.136372 
29.596994 	55.883054 	55.863589 	56.136368 
29.596954 	55.883045 	55.863585 	56.136367 
29.596935 	55.883045 	55.863584 	56.136372 
29.596916 	55.883049 	55.863590 	56.136378 
29.596923 	55.883064 	55.863607 	56.136380 
29.596950 	55.883075 	55.863623 	56.136402 
29.596987 	55.883088 	55.863631 	56.136420 
29.597038 	55.883107 	55.863653 	56.136437 
29.597100 	55.883120 	55.863668 	56.136462 
29.597162 	55.883145 	55.863694 	56.136488 
29.597244 	55.883167 	55.863716 	56.136517 
29.597325 	55.883193 	55.863739 	56.136545 
29.597406 	55.883220 	55.863767 	56.136560 
29.597488 	55.883239 	55.863782 	56.136580 
29.597563 	55.883254 	55.863799 	56.136586 
29.597642 	55.883276 	55.863831 	56.136597 
29.597715 	55.883292 	55.863844 	56.136611 
29.597804 	55.883312 	55.863865 	56.136629 
29.597884 	55.883328 	55.863880 	56.136646 
29.597977 	55.883343 	55.863896 	56.136667 
19.613565 	53.913476 	53.896095 	54.153603 
19.613675 	53.913497 	53.896118 	54.153628 
19.613771 	53.913517 	53.896140 	54.153649 
19.613876 	53.913528 	53.896150 	54.153662 
19.613975 	53.913547 	53.896176 	54.153680 
19.614066 	53.913564 	53.896198 	54.153692 
19.614152 	53.913582 	53.896218 	54.153709 
19.614233 	53.913609 	53.896245 	54.153734 
19.614317 	53.913627 	53.896261 	54.153756 
19.614409 	53.913647 	53.896283 	54.153789 
19.614514 	53.913669 	53.896304 	54.153817 
19.614610 	53.913706 	53.896332 	54.153848 
19.614719 	53.913732 	53.896362 	54.153880 
19.614816 	53.913756 	53.896386 	54.153908 
19.614900 	53.913775 	53.896407 	54.153933 
19.614987 	53.913795 	53.896432 	54.153949 
19.615064 	53.913811 	53.896444 	54.153972 
19.615138 	53.913817 	53.896450 	54.153970 
19.615207 	53.913828 	53.896458 	54.153973 
19.615260 	53.913839 	53.896465 	54.153976 
19.615317 	53.913843 	53.896469 	54.153989 
19.615366 	53.913846 	53.896470 	54.153991 
19.615412 	53.913845 	53.896471 	54.153995 
19.615450 	53.913855 	53.896485 	54.154013 
19.615472 	53.913859 	53.896487 	54.154017 
19.615507 	53.913864 	53.896488 	54.154028 
19.615543 	53.913867 	53.896495 	54.154037 
19.615578 	53.913867 	53.896496 	54.154039 
19.615620 	53.913864 	53.896494 	54.154051 
19.615668 	53.913871 	53.896505 	54.154067 
19.615736 	53.913886 	53.896523 	54.154070 
19.615785 	53.913902 	53.896540 	54.154081 
19.615840 	53.913923 	53.896553 	54.154087 
19.615896 	53.913937 	53.896567 	54.154101 
19.615955 	53.913948 	53.896572 	54.154114 
19.616023 	53.913963 	53.896582 	54.154134 
19.616081 	53.913973 	53.896594 	54.154156 
19.616133 	53.913971 	53.896595 	54.154162 
19.616186 	53.913980 	53.896609 	54.154173 
19.616228 	53.913977 	53.896602 	54.154171 
19.616261 	53.913985 	53.896611 	54.154172 
19.616303 	53.913985 	53.896612 	54.154179 
19.616346 	53.913988 	53.896615 	54.154193 
19.616400 	53.913998 	53.896628 	54.154205 
19.616485 	53.914015 	53.896648 	54.154210 
19.616571 	53.914037 	53.896666 	54.154231 
19.616677 	53.914055 	53.896687 	54.154248 
19.616786 	53.914083 	53.896719 	54.154277 
19.616888 	53.914114 	53.896750 	54.154312 
19.617001 	53.914139 	53.896773 	54.154341 
9.621676 	51.936296 	51.920832 	52.162990 
9.621762 	51.936315 	51.920852 	52.162997 
9.621862 	51.936346 	51.920886 	52.163011 
9.621959 	51.936371 	51.920911 	52.163037 
9.622057 	51.936385 	51.920924 	52.163065 
9.622136 	51.936395 	51.920929 	52.163087 
9.622221 	51.936409 	51.920941 	52.163108 
9.622297 	51.936432 	51.920962 	52.163127 
9.622361 	51.936441 	51.920971 	52.163169 
9.622424 	51.936453 	51.920984 	52.163201 
9.622486 	51.936460 	51.920992 	52.163215 
9.622559 	51.936473 	51.921009 	52.163238 
9.622620 	51.936481 	51.921026 	52.163278 
9.622687 	51.936500 	51.921047 	52.163311 
9.622777 	51.936524 	51.921070 	52.163348 
9.622865 	51.936552 	51.921093 	52.163387 
9.622956 	51.936582 	51.921122 	52.163412 
9.623067 	51.936597 	51.921144 	52.163437 
9.623168 	51.936621 	51.921163 	52.163460 
9.623272 	51.936642 	51.921180 	52.163490 
9.623379 	51.936663 	51.921200 	52.163509 
9.623481 	51.936686 	51.921221 	52.163535 
9.623569 	51.936710 	51.921241 	52.163556 
9.623651 	51.936738 	51.921260 	52.163573 
9.623727 	51.936744 	51.921273 	52.163583 
9.623817 	51.936764 	51.921293 	52.163597 
9.623915 	51.936783 	51.921310 	52.163614 
9.624031 	51.936803 	51.921335 	52.163647 
9.624156 	51.936829 	51.921358 	52.163681 
9.624283 	51.936855 	51.921383 	52.163712 
9.624415 	51.936877 	51.921402 	52.163763 
9.624541 	51.936906 	51.921426 	52.163811 
9.624660 	51.936917 	51.921438 	52.163830 
9.624773 	51.936929 	51.921448 	52.163827 
9.624869 	51.936948 	51.921466 	52.163833 
9.624973 	51.936964 	51.921477 	52.163857 
9.625071 	51.936979 	51.921497 	52.163873 
9.625172 	51.936988 	51.921507 	52.163881 
9.625270 	51.937001 	51.921517 	52.163874 
9.625365 	51.937011 	51.921532 	52.163872 
9.625445 	51.937032 	51.921553 	52.163888 
9.625514 	51.937041 	51.921557 	52.163896 
9.625566 	51.937051 	51.921562 	52.163901 
9.625602 	51.937057 	51.921570 	52.163906 
9.625634 	51.937056 	51.921563 	52.163906 
9.625671 	51.937049 	51.921563 	52.163905 
9.625707 	51.937046 	51.921558 	52.163913 
9.625742 	51.937071 	51.921579 	52.163923 
9.625793 	51.937076 	51.921584 	52.163932 
9.625830 	51.937077 	51.921583 	52.163945 
-0.351304 	49.956462 	49.942800 	50.169724 
-0.351367 	49.956449 	49.942787 	50.169727 
-0.351421 	49.956443 	49.942777 	50.169716 
-0.351449 	49.956433 	49.942773 	50.169698 
-0.351455 	49.956435 	49.942780 	50.169690 
-0.351445 	49.956451 	49.942797 	50.169682 
-0.351414 	49.956459 	49.942808 	50.169713 
-0.351370 	49.956481 	49.942830 	50.169743 
-0.351318 	49.956495 	49.942851 	50.169752 
-0.351256 	49.956515 	49.942869 	50.169779 
-0.351157 	49.956548 	49.942896 	50.169797 
-0.351016 	49.956583 	49.942934 	50.169814 
-0.350857 	49.956631 	49.942987 	50.169866 
-0.350674 	49.956678 	49.943033 	50.169902 
-0.350477 	49.956738 	49.943096 	50.169934 
-0.350273 	49.956777 	49.943137 	50.169981 
-0.350050 	49.956835 	49.943201 	50.170030 
-0.349817 	49.956893 	49.943261 	50.170081 
-0.349604 	49.956935 	49.943302 	50.170131 
-0.349393 	49.956978 	49.943347 	50.170147 
-0.349162 	49.957026 	49.943403 	50.170184 
-0.348935 	49.957084 	49.943454 	50.170225 
-0.348707 	49.957128 	49.943495 	50.170264 
-0.348505 	49.957163 	49.943532 	50.170297 
-0.348308 	49.957200 	49.943569 	50.170332 
-0.348121 	49.957228 	49.943602 	50.170379 
-0.347953 	49.957251 	49.943629 	50.170418 
-0.347795 	49.957274 	49.943658 	50.170458 
-0.347645 	49.957302 	49.943682 	50.170497 
-0.347530 	49.957309 	49.943689 	50.170523 
-0.347444 	49.957312 	49.943685 	50.170549 
-0.347385 	49.957314 	49.943685 	50.170551 
-0.347349 	49.957309 	49.943681 	50.170564 
-0.347323 	49.957302 	49.943674 	50.170566 
-0.347322 	49.957295 	49.943665 	50.170569 
-0.347316 	49.957277 	49.943651 	50.170567 
-0.347315 	49.957280 	49.943654 	50.170557 
-0.347317 	49.957278 	49.943652 	50.170557 
-0.347300 	49.957274 	49.943654 	50.170561 
-0.347287 	49.957286 	49.943663 	50.170562 
-0.347280 	49.957294 	49.943671 	50.170567 
-0.347272 	49.957297 	49.943673 	50.170577 
-0.347265 	49.957300 	49.943679 	50.170572 
-0.347274 	49.957296 	49.943677 	50.170579 
-0.347282 	49.957285 	49.943667 	50.170582 
-0.347298 	49.957282 	49.943659 	50.170580 
-0.347331 	49.957267 	49.943640 	50.170571 
-0.347383 	49.957256 	49.943629 	50.170563 
-0.347438 	49.957253 	49.943614 	50.170549 
-0.347507 	49.957236 	49.943593 	50.170528 
-10.326414 	47.970367 	47.958478 	48.169868 
-10.326294 	47.970386 	47.958502 	48.169891 
-10.326165 	47.970410 	47.958523 	48.169919 
-10.326027 	47.970436 	47.958552 	48.169947 
-10.325884 	47.970466 	47.958579 	48.169981 
-10.325724 	47.970489 	47.958610 	48.170007 
-10.325554 	47.970531 	47.958650 	48.170037 
-10.325390 	47.970570 	47.958686 	48.170077 
-10.325243 	47.970595 	47.958706 	48.170106 
-10.325121 	47.970617 	47.958730 	48.170138 
-10.325020 	47.970636 	47.958745 	48.170168 
-10.324914 	47.970653 	47.958765 	48.170209 
-10.324801 	47.970689 	47.958797 	48.170235 
-10.324675 	47.970716 	47.958827 	48.170267 
-10.324560 	47.970752 	47.958864 	48.170301 
-10.324449 	47.970779 	47.958886 	48.170335 
-10.324323 	47.970799 	47.958904 	48.170381 
-10.324196 	47.970822 	47.958932 	48.170417 
-10.324054 	47.970856 	47.958964 	48.170440 
-10.323908 	47.970880 	47.958984 	48.170460 
-10.323766 	47.970901 	47.959007 	48.170491 
-10.323633 	47.970926 	47.959033 	48.170533 
-10.323505 	47.970953 	47.959063 	48.170578 
-10.323368 	47.970979 	47.959086 	48.170598 
-10.323250 	47.970999 	47.959100 	48.170629 
-10.323129 	47.971014 	47.959118 	48.170648 
-10.323044 	47.971037 	47.959133 	48.170665 
-10.322975 	47.971042 	47.959141 	48.170687 
-10.322901 	47.971048 	47.959151 	48.170706 
-10.322832 	47.971051 	47.959157 	48.170717 
-10.322780 	47.971058 	47.959165 	48.170728 
-10.322741 	47.971066 	47.959171 	48.170742 
-10.322711 	47.971070 	47.959182 	48.170768 
-10.322679 	47.971077 	47.959185 	48.170787 
-10.322663 	47.971084 	47.959191 	48.170810 
-10.322627 	47.971091 	47.959200 	48.170844 
-10.322573 	47.971105 	47.959217 	48.170881 
-10.322489 	47.971134 	47.959247 	48.170891 
-10.322390 	47.971164 	47.959279 	48.170908 
-10.322273 	47.971181 	47.959290 	48.170925 
-10.322170 	47.971190 	47.959305 	48.170932 
-10.322068 	47.971204 	47.959317 	48.170933 
-10.321978 	47.971214 	47.959333 	48.170951 
-10.321899 	47.971221 	47.959341 	48.170957 
-10.321829 	47.971230 	47.959352 	48.170968 
-10.321787 	47.971231 	47.959355 	48.170974 
-10.321781 	47.971226 	47.959349 	48.170975 
-10.321777 	47.971225 	47.959347 	48.170974 
-10.321776 	47.971221 	47.959343 	48.170975 
-10.321803 	47.971224 	47.959347 	48.170969 
-20.306385 	45.977018 	45.966774 	46.162697 
-20.306237 	45.977059 	45.966814 	46.162726 
-20.306090 	45.977098 	45.966841 	46.162756 
-20.305942 	45.977125 	45.966866 	46.162788 
-20.305797 	45.977152 	45.966887 	46.162798 
-20.305683 	45.977169 	45.966902 	46.162803 
-20.305578 	45.977182 	45.966910 	46.162804 
-20.305475 	45.977199 	45.966922 	46.162804 
-20.305391 	45.977205 	45.966927 	46.162821 
-20.305293 	45.977219 	45.966937 	46.162822 
-20.305206 	45.977225 	45.966937 	46.162829 
-20.305138 	45.977228 	45.966943 	46.162841 
-20.305095 	45.977220 	45.966940 	46.162853 
-20.305054 	45.977225 	45.966953 	46.162870 
-20.305035 	45.977234 	45.966959 	46.162889 
-20.305020 	45.977230 	45.966950 	46.162905 
-20.305009 	45.977217 	45.966940 	46.162926 
-20.305000 	45.977207 	45.966938 	46.162948 
-20.304974 	45.977205 	45.966947 	46.162964 
-20.304931 	45.977239 	45.966971 	46.162974 
-20.304892 	45.977255 	45.966988 	46.162982 
-20.304850 	45.977270 	45.967005 	46.162989 
-20.304805 	45.977271 	45.967005 	46.162986 
-20.304775 	45.977270 	45.967007 	46.162991 
-20.304747 	45.977274 	45.967016 	46.163007 
-20.304727 	45.977286 	45.967024 	46.163010 
-20.304687 	45.977301 	45.967041 	46.163004 
-20.304635 	45.977327 	45.967072 	46.162998 
-20.304584 	45.977346 	45.967086 	46.162989 
-20.304530 	45.977357 	45.967103 	46.162980 
-20.304483 	45.977370 	45.967121 	46.162978 
-20.304452 	45.977367 	45.967119 	46.162975 
-20.304441 	45.977358 	45.967117 	46.162979 
-20.304439 	45.977358 	45.967115 	46.162988 
-20.304436 	45.977347 	45.967107 	46.163001 
-20.304423 	45.977346 	45.967111 	46.163018 
-20.304418 	45.977353 	45.967116 	46.163036 
-20.304412 	45.977360 	45.967122 	46.163053 
-20.304393 	45.977376 	45.967142 	46.163064 
-20.304372 	45.977380 	45.967148 	46.163087 
-20.304347 	45.977387 	45.967157 	46.163104 
-20.304303 	45.977398 	45.967165 	46.163116 
-20.304248 	45.977416 	45.967180 	46.163127 
-20.304187 	45.977423 	45.967184 	46.163128 
-20.304123 	45.977429 	45.967190 	46.163137 
-20.304057 	45.977446 	45.967211 	46.163144 
-20.303977 	45.977471 	45.967236 	46.163145 
-20.303900 	45.977501 	45.967262 	46.163155 
-20.303820 	45.977530 	45.967291 	46.163163 
-20.303751 	45.977543 	45.967301 	46.163174 
-30.289941 	43.976554 	43.967942 	44.148386 
-30.289822 	43.976586 	43.967970 	44.148420 
-30.289693 	43.976613 	43.967997 	44.148448 
-30.289557 	43.976633 	43.968018 	44.148481 
-30.289428 	43.976655 	43.968046 	44.148515 
-30.289291 	43.976674 	43.968073 	44.148535 
-30.289164 	43.976702 	43.968106 	44.148553 
-30.289059 	43.976727 	43.968134 	44.148574 
-30.288958 	43.976752 	43.968161 	44.148586 
-30.288855 	43.976780 	43.968191 	44.148592 
-30.288738 	43.976802 	43.968215 	44.148608 
-30.288619 	43.976824 	43.968240 	44.148624 
-30.288500 	43.976845 	43.968264 	44.148650 
-30.288378 	43.976879 	43.968297 	44.148689 
-30.288244 	43.976912 	43.968330 	44.148727 
-30.288110 	43.976941 	43.968364 	44.148772 
-30.287982 	43.976967 	43.968389 	44.148800 
-30.287859 	43.976999 	43.968411 	44.148826 
-30.287737 	43.977014 	43.968419 	44.148830 
-30.287616 	43.977030 	43.968436 	44.148837 
-30.287491 	43.977053 	43.968461 	44.148855 
-30.287361 	43.977071 	43.968480 	44.148871 
-30.287241 	43.977083 	43.968497 	44.148905 
-30.287132 	43.977097 	43.968512 	44.148923 
-30.287023 	43.977116 	43.968531 	44.148933 
-30.286914 	43.977133 	43.968553 	44.148954 
-30.286817 	43.977154 	43.968575 	44.148963 
-30.286725 	43.977169 	43.968587 	44.148967 
-30.286630 	43.977169 	43.968597 	44.148978 
-30.286510 	43.977165 	43.968602 	44.148984 
-30.286390 	43.977176 	43.968623 	44.149000 
-30.286268 	43.977185 	43.968635 	44.149015 
-30.286153 	43.977190 	43.968643 	44.149027 
-30.286055 	43.977196 	43.968648 	44.149030 
-30.285976 	43.977208 	43.968655 	44.149035 
-30.285905 	43.977226 	43.968666 	44.149037 
-30.285837 	43.977238 	43.968675 	44.149049 
-30.285764 	43.977259 	43.968692 	44.149062 
-30.285691 	43.977275 	43.968706 	44.149078 
-30.285621 	43.977285 	43.968712 	44.149091 
-30.285565 	43.977292 	43.968717 	44.149102 
-30.285514 	43.977300 	43.968717 	44.149114 
-30.285474 	43.977300 	43.968722 	44.149127 
-30.285431 	43.977296 	43.968723 	44.149132 
-30.285384 	43.977296 	43.968728 	44.149133 
-30.285340 	43.977299 	43.968732 	44.149138 
-30.285286 	43.977307 	43.968747 	44.149152 
-30.285226 	43.977320 	43.968768 	44.149168 
-30.285182 	43.977335 	43.968796 	44.149194 
-30.285128 	43.977348 	43.968817 	44.149217 
-40.264254 	41.971353 	41.964397 	42.129229 
-40.264140 	41.971368 	41.964409 	42.129234 
-40.264020 	41.971386 	41.964436 	42.129265 
-40.263904 	41.971403 	41.964444 	42.129300 
-40.263801 	41.971421 	41.964460 	42.129339 
-40.263692 	41.971440 	41.964472 	42.129368 
-40.263584 	41.971449 	41.964483 	42.129402 
-40.263476 	41.971465 	41.964507 	42.129435 
-40.263389 	41.971497 	41.964540 	42.129457 
-40.263287 	41.971534 	41.964577 	42.129478 
-40.263196 	41.971566 	41.964609 	42.129500 
-40.263112 	41.971588 	41.964623 	42.129517 
-40.263011 	41.971607 	41.964641 	42.129546 
-40.262902 	41.971622 	41.964656 	42.129568 
-40.262795 	41.971642 	41.964667 	42.129597 
-40.262694 	41.971661 	41.964675 	42.129618 
-40.262593 	41.971678 	41.964697 	42.129648 
-40.262496 	41.971686 	41.964709 	42.129658 
-40.262408 	41.971701 	41.964726 	42.129665 
-40.262327 	41.971717 	41.964751 	42.129678 
-40.262246 	41.971737 	41.964773 	42.129700 
-40.262157 	41.971761 	41.964805 	42.129714 
-40.262076 	41.971761 	41.964830 	42.129724 
-40.261993 	41.971804 	41.964852 	42.129742 
-40.261920 	41.971822 	41.964869 	42.129751 
-40.261865 	41.971836 	41.964881 	42.129768 
-40.261809 	41.971848 	41.964890 	42.129792 
-40.261758 	41.971859 	41.964898 	42.129824 
-40.261706 	41.971876 	41.964914 	42.129845 
-40.261664 	41.971895 	41.964938 	42.129872 
-40.261605 	41.971916 	41.964962 	42.129910 
-40.261552 	41.971939 	41.964987 	42.129942 
-40.261497 	41.971962 	41.965002 	42.129967 
-40.261451 	41.971988 	41.965031 	42.129987 
-40.261406 	41.972012 	41.965053 	42.129992 
-40.261369 	41.972030 	41.965071 	42.130005 
-40.261335 	41.972048 	41.965088 	42.130011 
-40.261293 	41.972067 	41.965106 	42.130022 
-40.261244 	41.972080 	41.965116 	42.130029 
-40.261197 	41.972083 	41.965119 	42.130020 
-40.261145 	41.972090 	41.965121 	42.130016 
-40.261098 	41.972101 	41.965133 	42.130019 
-40.261065 	41.972105 	41.965134 	42.130018 
-40.261024 	41.972114 	41.965144 	42.130025 
-40.260986 	41.972124 	41.965163 	42.130017 
-40.260946 	41.972135 	41.965184 	42.130016 
-40.260916 	41.972144 	41.965196 	42.130012 
-40.260887 	41.972164 	41.965206 	42.130026 
-40.260833 	41.972177 	41.965218 	42.130026 
-40.260769 	41.972200 	41.965230 	42.130041 
-50.245114 	39.958525 	39.953228 	40.102104 
-50.244959 	39.958547 	39.953250 	40.102147 
-50.244797 	39.958588 	39.953283 	40.102200 
-50.244623 	39.958638 	39.953331 	40.102233 
-50.244443 	39.958638 	39.953355 	40.102266 
-50.244278 	39.958642 	39.953377 	40.102309 
-50.244134 	39.958647 	39.953393 	40.102350 
-50.244004 	39.958661 	39.953415 	40.102392 
-50.243881 	39.958671 	39.953431 	40.102428 
-50.243752 	39.958688 	39.953451 	40.102465 
-50.243624 	39.958707 	39.953474 	40.102498 
-50.243515 	39.958727 	39.953497 	40.102525 
-50.243388 	39.958755 	39.953524 	40.102562 
-50.243239 	39.958773 	39.953547 	40.102598 
-50.243089 	39.958784 	39.953562 	40.102625 
-50.242967 	39.958799 	39.953577 	40.102651 
-50.242851 	39.958825 	39.953590 	40.102666 
-50.242754 	39.958839 	39.953596 	40.102678 
-50.242671 	39.958848 	39.953604 	40.102705 
-50.242592 	39.958852 	39.953612 	40.102718 
-50.242508 	39.958862 	39.953623 	40.102734 
-50.242417 	39.958883 	39.953662 	40.102749 
-50.242318 	39.958909 	39.953685 	40.102761 
-50.242218 	39.958956 	39.953712 	40.102773 
-50.242111 	39.958990 	39.953735 	40.102794 
-50.242015 	39.959020 	39.953766 	40.102806 
-50.241958 	39.959045 	39.953796 	40.102816 
-50.241898 	39.959084 	39.953828 	40.102842 
-50.241835 	39.959111 	39.953855 	40.102871 
-50.241779 	39.959134 	39.953871 	40.102891 
-50.241731 	39.959152 	39.953879 	40.102912 
-50.241711 	39.959165 	39.953874 	40.102923 
-50.241725 	39.959144 	39.953857 	40.102917 
-50.241749 	39.959120 	39.953836 	40.102924 
-50.241777 	39.959114 	39.953835 	40.102922 
-50.241781 	39.959132 	39.953845 	40.102926 
-50.241763 	39.959141 	39.953845 	40.102931 
-50.241752 	39.959140 	39.953833 	40.102937 
-50.241734 	39.959142 	39.953832 	40.102947 
-50.241741 	39.959135 	39.953830 	40.102955 
-50.241744 	39.959140 	39.953830 	40.102956 
-50.241726 	39.959141 	39.953834 	40.102959 
-50.241717 	39.959146 	39.953837 	40.102956 
-50.241722 	39.959160 	39.953843 	40.102958 
-50.241731 	39.959181 	39.953859 	40.102962 
-50.241718 	39.959190 	39.953868 	40.102969 
-50.241696 	39.959195 	39.953873 	40.102978 
-50.241662 	39.959204 	39.953889 	40.102991 
-50.241624 	39.959234 	39.953919 	40.102983 
-50.241605 	39.959259 	39.953952 	40.102986 
-60.218087 	37.940802 	37.937214 	38.069691 
-60.218073 	37.940822 	37.937238 	38.069716 
-60.218062 	37.940839 	37.937256 	38.069741 
-60.218054 	37.940851 	37.937266 	38.069765 
-60.218018 	37.940862 	37.937275 	38.069788 
-60.217978 	37.940874 	37.937286 	38.069811 
-60.217934 	37.940886 	37.937298 	38.069833 
-60.217879 	37.940896 	37.937309 	38.069856 
-60.217850 	37.940903 	37.937320 	38.069876 
-60.217845 	37.940907 	37.937334 	38.069897 
-60.217812 	37.940923 	37.937352 	38.069916 
-60.217790 	37.940936 	37.937367 	38.069931 
-60.217772 	37.940947 	37.937380 	38.069947 
-60.217740 	37.940954 	37.937386 	38.069963 
-60.217699 	37.940956 	37.937386 	38.069978 
-60.217660 	37.940951 	37.937381 	38.069997 
-60.217626 	37.940937 	37.937370 	38.070016 
-60.217584 	37.940925 	37.937365 	38.070034 
-60.217561 	37.940916 	37.937356 	38.070052 
-60.217553 	37.940909 	37.937347 	38.070071 
-60.217533 	37.940902 	37.937335 	38.070088 
-60.217530 	37.940891 	37.937322 	38.070103 
-60.217513 	37.940886 	37.937314 	38.070119 
-60.217519 	37.940877 	37.937298 	38.070124 
-60.217531 	37.940859 	37.937276 	38.070123 
-60.217521 	37.940837 	37.937247 	38.070129 
-60.217493 	37.940819 	37.937227 	38.070136 
-60.217450 	37.940814 	37.937218 	38.070136 
-60.217409 	37.940815 	37.937219 	38.070139 
-60.217356 	37.940812 	37.937220 	38.070130 
-60.217274 	37.940811 	37.937226 	38.070120 
-60.217212 	37.940812 	37.937230 	38.070114 
-60.217152 	37.940818 	37.937236 	38.070107 
-60.217110 	37.940823 	37.937244 	38.070103 
-60.217058 	37.940830 	37.937249 	38.070099 
-60.217025 	37.940834 	37.937253 	38.070096 
-60.216999 	37.940838 	37.937253 	38.070091 
-60.216985 	37.940844 	37.937253 	38.070086 
-60.216965 	37.940852 	37.937255 	38.070080 
-60.216947 	37.940862 	37.937260 	38.070076 
-60.216947 	37.940873 	37.937268 	38.070068 
-60.216939 	37.940884 	37.937275 	38.070059 
-60.216931 	37.940892 	37.937282 	38.070037 
-60.216936 	37.940903 	37.937290 	38.070024 
-60.216958 	37.940913 	37.937298 	38.070017 
-60.216964 	37.940925 	37.937310 	38.070016 
-60.216934 	37.940946 	37.937331 	38.070020 
-60.216879 	37.940968 	37.937349 	38.070026 
-60.216812 	37.940979 	37.937353 	38.070034 
-60.216739 	37.940987 	37.937354 	38.070040 
