2/10/2026 4:51 PM
nDataPerSetPoint: 50
RAF Temperature Probe Calibration
Reference(C), Heated 708094A(Ohm), Heated 708094B(Ohm), FastResp 2943(Ohm)
39.600872 	57.813381 	57.820684 	56.935247 
39.600840 	57.813379 	57.820683 	56.935239 
39.600812 	57.813378 	57.820682 	56.935230 
39.600792 	57.813384 	57.820690 	56.935224 
39.600793 	57.813396 	57.820706 	56.935220 
39.600814 	57.813412 	57.820716 	56.935220 
39.600849 	57.813425 	57.820733 	56.935222 
39.600899 	57.813446 	57.820754 	56.935229 
39.600971 	57.813467 	57.820779 	56.935234 
39.601066 	57.813496 	57.820809 	56.935242 
39.601168 	57.813522 	57.820835 	56.935249 
39.601270 	57.813554 	57.820869 	56.935256 
39.601378 	57.813580 	57.820890 	56.935261 
39.601461 	57.813600 	57.820905 	56.935272 
39.601517 	57.813610 	57.820910 	56.935278 
39.601572 	57.813620 	57.820920 	56.935284 
39.601619 	57.813626 	57.820923 	56.935291 
39.601636 	57.813624 	57.820921 	56.935293 
39.601631 	57.813616 	57.820909 	56.935295 
39.601626 	57.813605 	57.820899 	56.935296 
39.601604 	57.813599 	57.820892 	56.935296 
39.601570 	57.813585 	57.820875 	56.935283 
39.601520 	57.813560 	57.820852 	56.935270 
39.601448 	57.813533 	57.820828 	56.935256 
39.601350 	57.813505 	57.820800 	56.935243 
39.601252 	57.813476 	57.820771 	56.935228 
39.601136 	57.813443 	57.820734 	56.935200 
39.601010 	57.813413 	57.820705 	56.935174 
39.600846 	57.813375 	57.820658 	56.935150 
39.600652 	57.813328 	57.820609 	56.935118 
39.600439 	57.813275 	57.820552 	56.935089 
39.600188 	57.813207 	57.820483 	56.935052 
39.599905 	57.813139 	57.820413 	56.935004 
39.599591 	57.813061 	57.820329 	56.934951 
39.599243 	57.812974 	57.820239 	56.934901 
39.598864 	57.812881 	57.820149 	56.934839 
39.598465 	57.812784 	57.820052 	56.934774 
39.598043 	57.812688 	57.819953 	56.934702 
39.597605 	57.812586 	57.819852 	56.934629 
39.597129 	57.812479 	57.819742 	56.934546 
39.596637 	57.812370 	57.819632 	56.934464 
39.596143 	57.812262 	57.819524 	56.934384 
39.595627 	57.812149 	57.819412 	56.934299 
39.595106 	57.812040 	57.819311 	56.934208 
39.594585 	57.811941 	57.819214 	56.934117 
39.594053 	57.811837 	57.819113 	56.934024 
39.593527 	57.811730 	57.819008 	56.933932 
39.592974 	57.811629 	57.818903 	56.933839 
39.592441 	57.811518 	57.818791 	56.933743 
39.591891 	57.811412 	57.818685 	56.933653 
29.593168 	55.845397 	55.851012 	55.068805 
29.593291 	55.845412 	55.851035 	55.068829 
29.593400 	55.845431 	55.851054 	55.068852 
29.593501 	55.845444 	55.851069 	55.068876 
29.593624 	55.845465 	55.851091 	55.068905 
29.593757 	55.845496 	55.851122 	55.068935 
29.593900 	55.845529 	55.851153 	55.068962 
29.594051 	55.845567 	55.851189 	55.068988 
29.594223 	55.845597 	55.851218 	55.069018 
29.594389 	55.845626 	55.851243 	55.069050 
29.594539 	55.845652 	55.851269 	55.069080 
29.594693 	55.845676 	55.851290 	55.069109 
29.594847 	55.845699 	55.851313 	55.069143 
29.594996 	55.845716 	55.851331 	55.069173 
29.595132 	55.845738 	55.851353 	55.069202 
29.595290 	55.845759 	55.851376 	55.069228 
29.595418 	55.845781 	55.851399 	55.069252 
29.595561 	55.845801 	55.851424 	55.069275 
29.595698 	55.845827 	55.851445 	55.069296 
29.595836 	55.845841 	55.851455 	55.069314 
29.595949 	55.845860 	55.851474 	55.069334 
29.596073 	55.845882 	55.851497 	55.069357 
29.596190 	55.845901 	55.851514 	55.069382 
29.596308 	55.845924 	55.851542 	55.069405 
29.596430 	55.845951 	55.851566 	55.069425 
29.596563 	55.845970 	55.851578 	55.069447 
29.596708 	55.845996 	55.851606 	55.069471 
29.596852 	55.846028 	55.851635 	55.069491 
29.596995 	55.846052 	55.851653 	55.069515 
29.597133 	55.846068 	55.851670 	55.069539 
29.597276 	55.846098 	55.851701 	55.069558 
29.597435 	55.846133 	55.851733 	55.069580 
29.597591 	55.846164 	55.851762 	55.069601 
29.597755 	55.846197 	55.851792 	55.069623 
29.597899 	55.846222 	55.851820 	55.069648 
29.598048 	55.846245 	55.851843 	55.069667 
29.598191 	55.846269 	55.851875 	55.069686 
29.598331 	55.846292 	55.851899 	55.069703 
29.598457 	55.846314 	55.851918 	55.069722 
29.598592 	55.846331 	55.851940 	55.069739 
29.598744 	55.846360 	55.851972 	55.069755 
29.598900 	55.846395 	55.852010 	55.069771 
29.599040 	55.846421 	55.852037 	55.069790 
29.599186 	55.846458 	55.852075 	55.069810 
29.599341 	55.846483 	55.852102 	55.069829 
29.599475 	55.846517 	55.852129 	55.069850 
29.599629 	55.846548 	55.852158 	55.069869 
29.599767 	55.846579 	55.852184 	55.069887 
29.599904 	55.846600 	55.852208 	55.069905 
29.600024 	55.846631 	55.852239 	55.069924 
19.611479 	53.876351 	53.880343 	53.201112 
19.611785 	53.876409 	53.880405 	53.201169 
19.612109 	53.876470 	53.880468 	53.201236 
19.612422 	53.876531 	53.880531 	53.201302 
19.612748 	53.876593 	53.880590 	53.201368 
19.613071 	53.876657 	53.880656 	53.201440 
19.613377 	53.876720 	53.880716 	53.201507 
19.613669 	53.876776 	53.880773 	53.201573 
19.613962 	53.876833 	53.880829 	53.201640 
19.614244 	53.876882 	53.880878 	53.201707 
19.614524 	53.876930 	53.880939 	53.201773 
19.614777 	53.876979 	53.880982 	53.201838 
19.615004 	53.877028 	53.881026 	53.201896 
19.615220 	53.877060 	53.881056 	53.201958 
19.615413 	53.877090 	53.881078 	53.202016 
19.615601 	53.877121 	53.881108 	53.202075 
19.615782 	53.877149 	53.881135 	53.202129 
19.615953 	53.877183 	53.881172 	53.202182 
19.616117 	53.877206 	53.881198 	53.202233 
19.616291 	53.877237 	53.881236 	53.202280 
19.616467 	53.877275 	53.881272 	53.202322 
19.616638 	53.877316 	53.881313 	53.202367 
19.616808 	53.877353 	53.881347 	53.202405 
19.616965 	53.877392 	53.881387 	53.202440 
19.617124 	53.877438 	53.881428 	53.202472 
19.617281 	53.877471 	53.881465 	53.202502 
19.617437 	53.877511 	53.881496 	53.202526 
19.617601 	53.877549 	53.881535 	53.202553 
19.617739 	53.877584 	53.881570 	53.202574 
19.617889 	53.877622 	53.881606 	53.202596 
19.618012 	53.877647 	53.881636 	53.202615 
19.618115 	53.877661 	53.881650 	53.202634 
19.618197 	53.877674 	53.881660 	53.202646 
19.618276 	53.877682 	53.881666 	53.202657 
19.618355 	53.877686 	53.881674 	53.202670 
19.618431 	53.877695 	53.881684 	53.202676 
19.618525 	53.877705 	53.881692 	53.202680 
19.618621 	53.877720 	53.881703 	53.202680 
19.618708 	53.877730 	53.881706 	53.202683 
19.618786 	53.877750 	53.881724 	53.202687 
19.618863 	53.877762 	53.881733 	53.202693 
19.618942 	53.877785 	53.881751 	53.202694 
19.619018 	53.877794 	53.881759 	53.202701 
19.619099 	53.877814 	53.881780 	53.202704 
19.619183 	53.877833 	53.881802 	53.202706 
19.619244 	53.877842 	53.881812 	53.202709 
19.619318 	53.877848 	53.881821 	53.202716 
19.619389 	53.877865 	53.881833 	53.202719 
19.619456 	53.877882 	53.881844 	53.202723 
19.619538 	53.877892 	53.881858 	53.202729 
9.619862 	51.899260 	51.904700 	51.326166 
9.620017 	51.899297 	51.904733 	51.326190 
9.620172 	51.899331 	51.904768 	51.326217 
9.620307 	51.899350 	51.904784 	51.326249 
9.620438 	51.899372 	51.904808 	51.326281 
9.620566 	51.899393 	51.904824 	51.326311 
9.620693 	51.899412 	51.904845 	51.326341 
9.620838 	51.899435 	51.904866 	51.326364 
9.620968 	51.899457 	51.904888 	51.326387 
9.621087 	51.899477 	51.904905 	51.326401 
9.621192 	51.899497 	51.904923 	51.326423 
9.621283 	51.899515 	51.904934 	51.326445 
9.621380 	51.899529 	51.904947 	51.326468 
9.621469 	51.899544 	51.904961 	51.326482 
9.621549 	51.899563 	51.904978 	51.326500 
9.621638 	51.899586 	51.904996 	51.326519 
9.621714 	51.899605 	51.905007 	51.326537 
9.621787 	51.899611 	51.905016 	51.326555 
9.621873 	51.899631 	51.905037 	51.326573 
9.621950 	51.899646 	51.905052 	51.326586 
9.622015 	51.899663 	51.905068 	51.326598 
9.622086 	51.899670 	51.905075 	51.326610 
9.622138 	51.899678 	51.905090 	51.326616 
9.622221 	51.899698 	51.905108 	51.326620 
9.622324 	51.899723 	51.905135 	51.326630 
9.622436 	51.899752 	51.905169 	51.326642 
9.622554 	51.899783 	51.905193 	51.326661 
9.622692 	51.899809 	51.905227 	51.326679 
9.622849 	51.899847 	51.905264 	51.326700 
9.623002 	51.899887 	51.905305 	51.326730 
9.623168 	51.899928 	51.905340 	51.326765 
9.623325 	51.899970 	51.905381 	51.326792 
9.623509 	51.900016 	51.905429 	51.326826 
9.623711 	51.900078 	51.905496 	51.326858 
9.623931 	51.900129 	51.905548 	51.326895 
9.624144 	51.900183 	51.905598 	51.326934 
9.624364 	51.900227 	51.905645 	51.326972 
9.624578 	51.900268 	51.905684 	51.327014 
9.624781 	51.900308 	51.905726 	51.327056 
9.624984 	51.900338 	51.905761 	51.327092 
9.625182 	51.900370 	51.905793 	51.327127 
9.625357 	51.900397 	51.905821 	51.327155 
9.625529 	51.900426 	51.905851 	51.327185 
9.625700 	51.900451 	51.905882 	51.327220 
9.625872 	51.900486 	51.905909 	51.327253 
9.626050 	51.900515 	51.905942 	51.327285 
9.626238 	51.900556 	51.905989 	51.327316 
9.626416 	51.900597 	51.906032 	51.327351 
9.626606 	51.900632 	51.906068 	51.327388 
9.626805 	51.900681 	51.906115 	51.327430 
-0.353979 	49.919679 	49.928374 	49.448654 
-0.353847 	49.919705 	49.928392 	49.448684 
-0.353717 	49.919719 	49.928413 	49.448713 
-0.353596 	49.919749 	49.928431 	49.448735 
-0.353492 	49.919778 	49.928464 	49.448751 
-0.353360 	49.919806 	49.928492 	49.448770 
-0.353220 	49.919844 	49.928527 	49.448790 
-0.353092 	49.919874 	49.928556 	49.448809 
-0.352944 	49.919893 	49.928583 	49.448836 
-0.352788 	49.919927 	49.928621 	49.448860 
-0.352637 	49.919949 	49.928643 	49.448889 
-0.352493 	49.919977 	49.928668 	49.448915 
-0.352359 	49.920002 	49.928690 	49.448938 
-0.352218 	49.920032 	49.928723 	49.448961 
-0.352082 	49.920068 	49.928763 	49.448985 
-0.351940 	49.920100 	49.928788 	49.449012 
-0.351790 	49.920132 	49.928815 	49.449041 
-0.351638 	49.920166 	49.928847 	49.449071 
-0.351487 	49.920203 	49.928879 	49.449090 
-0.351355 	49.920224 	49.928895 	49.449116 
-0.351221 	49.920249 	49.928920 	49.449150 
-0.351095 	49.920271 	49.928938 	49.449184 
-0.350987 	49.920301 	49.928965 	49.449211 
-0.350887 	49.920326 	49.928983 	49.449235 
-0.350790 	49.920351 	49.929004 	49.449262 
-0.350704 	49.920368 	49.929018 	49.449287 
-0.350641 	49.920375 	49.929025 	49.449305 
-0.350568 	49.920391 	49.929046 	49.449314 
-0.350510 	49.920413 	49.929058 	49.449326 
-0.350448 	49.920420 	49.929066 	49.449332 
-0.350394 	49.920419 	49.929064 	49.449339 
-0.350364 	49.920418 	49.929071 	49.449344 
-0.350324 	49.920425 	49.929075 	49.449348 
-0.350289 	49.920426 	49.929087 	49.449361 
-0.350239 	49.920426 	49.929090 	49.449376 
-0.350202 	49.920435 	49.929093 	49.449390 
-0.350155 	49.920434 	49.929097 	49.449413 
-0.350098 	49.920455 	49.929118 	49.449437 
-0.350016 	49.920479 	49.929141 	49.449453 
-0.349928 	49.920508 	49.929159 	49.449472 
-0.349828 	49.920539 	49.929193 	49.449486 
-0.349726 	49.920567 	49.929223 	49.449502 
-0.349616 	49.920585 	49.929235 	49.449527 
-0.349516 	49.920593 	49.929242 	49.449557 
-0.349423 	49.920600 	49.929246 	49.449577 
-0.349362 	49.920602 	49.929250 	49.449596 
-0.349318 	49.920603 	49.929258 	49.449615 
-0.349312 	49.920594 	49.929249 	49.449627 
-0.349314 	49.920582 	49.929239 	49.449636 
-0.349323 	49.920575 	49.929232 	49.449636 
-10.329559 	47.933823 	47.946170 	47.565151 
-10.329627 	47.933799 	47.946146 	47.565145 
-10.329710 	47.933777 	47.946122 	47.565137 
-10.329818 	47.933761 	47.946101 	47.565130 
-10.329943 	47.933736 	47.946073 	47.565120 
-10.330071 	47.933700 	47.946035 	47.565105 
-10.330186 	47.933668 	47.946014 	47.565096 
-10.330302 	47.933652 	47.945997 	47.565085 
-10.330418 	47.933628 	47.945974 	47.565072 
-10.330526 	47.933606 	47.945954 	47.565060 
-10.330622 	47.933592 	47.945937 	47.565054 
-10.330695 	47.933575 	47.945927 	47.565047 
-10.330766 	47.933562 	47.945912 	47.565040 
-10.330802 	47.933558 	47.945919 	47.565035 
-10.330816 	47.933565 	47.945922 	47.565034 
-10.330793 	47.933571 	47.945940 	47.565029 
-10.330724 	47.933606 	47.945985 	47.565022 
-10.330623 	47.933641 	47.946022 	47.565024 
-10.330506 	47.933677 	47.946060 	47.565033 
-10.330385 	47.933709 	47.946087 	47.565039 
-10.330254 	47.933729 	47.946104 	47.565050 
-10.330103 	47.933750 	47.946125 	47.565063 
-10.329935 	47.933787 	47.946167 	47.565082 
-10.329740 	47.933831 	47.946207 	47.565100 
-10.329532 	47.933871 	47.946253 	47.565127 
-10.329312 	47.933913 	47.946300 	47.565160 
-10.329076 	47.933966 	47.946353 	47.565193 
-10.328826 	47.934012 	47.946397 	47.565232 
-10.328559 	47.934065 	47.946455 	47.565270 
-10.328287 	47.934121 	47.946510 	47.565306 
-10.328019 	47.934171 	47.946560 	47.565341 
-10.327730 	47.934227 	47.946613 	47.565379 
-10.327430 	47.934288 	47.946676 	47.565421 
-10.327101 	47.934348 	47.946739 	47.565465 
-10.326755 	47.934420 	47.946817 	47.565514 
-10.326388 	47.934499 	47.946900 	47.565571 
-10.326033 	47.934581 	47.946968 	47.565622 
-10.325704 	47.934644 	47.947031 	47.565674 
-10.325372 	47.934701 	47.947087 	47.565724 
-10.325053 	47.934766 	47.947147 	47.565771 
-10.324742 	47.934825 	47.947205 	47.565810 
-10.324434 	47.934885 	47.947268 	47.565850 
-10.324128 	47.934953 	47.947332 	47.565888 
-10.323843 	47.935003 	47.947377 	47.565926 
-10.323578 	47.935043 	47.947422 	47.565960 
-10.323320 	47.935082 	47.947459 	47.566008 
-10.323089 	47.935120 	47.947495 	47.566057 
-10.322877 	47.935156 	47.947533 	47.566101 
-10.322687 	47.935195 	47.947569 	47.566132 
-10.322487 	47.935236 	47.947609 	47.566160 
-20.319514 	45.939629 	45.955480 	45.672980 
-20.319317 	45.939668 	45.955520 	45.673015 
-20.319119 	45.939708 	45.955555 	45.673053 
-20.318899 	45.939739 	45.955587 	45.673093 
-20.318667 	45.939791 	45.955635 	45.673128 
-20.318397 	45.939841 	45.955679 	45.673173 
-20.318139 	45.939884 	45.955725 	45.673220 
-20.317900 	45.939923 	45.955768 	45.673258 
-20.317685 	45.939961 	45.955808 	45.673294 
-20.317469 	45.939985 	45.955843 	45.673330 
-20.317249 	45.940027 	45.955891 	45.673365 
-20.317045 	45.940060 	45.955926 	45.673404 
-20.316867 	45.940102 	45.955967 	45.673441 
-20.316697 	45.940128 	45.955997 	45.673482 
-20.316519 	45.940157 	45.956027 	45.673521 
-20.316349 	45.940186 	45.956055 	45.673555 
-20.316200 	45.940208 	45.956074 	45.673589 
-20.316070 	45.940222 	45.956085 	45.673621 
-20.315950 	45.940236 	45.956101 	45.673647 
-20.315888 	45.940246 	45.956099 	45.673670 
-20.315831 	45.940238 	45.956092 	45.673695 
-20.315779 	45.940230 	45.956087 	45.673713 
-20.315724 	45.940235 	45.956098 	45.673728 
-20.315688 	45.940246 	45.956100 	45.673740 
-20.315641 	45.940255 	45.956104 	45.673740 
-20.315585 	45.940269 	45.956114 	45.673740 
-20.315534 	45.940289 	45.956128 	45.673742 
-20.315480 	45.940300 	45.956142 	45.673743 
-20.315427 	45.940301 	45.956155 	45.673737 
-20.315374 	45.940317 	45.956174 	45.673737 
-20.315321 	45.940323 	45.956179 	45.673736 
-20.315256 	45.940328 	45.956184 	45.673735 
-20.315193 	45.940352 	45.956204 	45.673736 
-20.315126 	45.940379 	45.956229 	45.673738 
-20.315054 	45.940389 	45.956244 	45.673755 
-20.314973 	45.940416 	45.956279 	45.673772 
-20.314859 	45.940458 	45.956324 	45.673791 
-20.314694 	45.940508 	45.956369 	45.673821 
-20.314497 	45.940555 	45.956414 	45.673859 
-20.314267 	45.940608 	45.956455 	45.673906 
-20.314011 	45.940660 	45.956498 	45.673960 
-20.313718 	45.940736 	45.956571 	45.674016 
-20.313413 	45.940805 	45.956637 	45.674072 
-20.313082 	45.940880 	45.956712 	45.674127 
-20.312762 	45.940957 	45.956790 	45.674183 
-20.312429 	45.941033 	45.956865 	45.674244 
-20.312047 	45.941114 	45.956943 	45.674305 
-20.311674 	45.941208 	45.957034 	45.674368 
-20.311278 	45.941305 	45.957130 	45.674436 
-20.310866 	45.941398 	45.957224 	45.674509 
-30.286974 	43.944490 	43.962677 	43.779022 
-30.286708 	43.944534 	43.962724 	43.779081 
-30.286478 	43.944574 	43.962765 	43.779135 
-30.286273 	43.944611 	43.962803 	43.779181 
-30.286071 	43.944650 	43.962840 	43.779224 
-30.285910 	43.944680 	43.962874 	43.779264 
-30.285770 	43.944705 	43.962901 	43.779308 
-30.285628 	43.944737 	43.962939 	43.779341 
-30.285497 	43.944777 	43.962976 	43.779375 
-30.285397 	43.944804 	43.962998 	43.779400 
-30.285329 	43.944816 	43.963007 	43.779421 
-30.285278 	43.944832 	43.963028 	43.779441 
-30.285254 	43.944861 	43.963054 	43.779449 
-30.285265 	43.944875 	43.963068 	43.779456 
-30.285288 	43.944870 	43.963066 	43.779466 
-30.285338 	43.944862 	43.963059 	43.779476 
-30.285405 	43.944844 	43.963045 	43.779487 
-30.285499 	43.944832 	43.963034 	43.779489 
-30.285617 	43.944815 	43.963018 	43.779490 
-30.285744 	43.944792 	43.963001 	43.779495 
-30.285880 	43.944757 	43.962974 	43.779494 
-30.286008 	43.944731 	43.962953 	43.779488 
-30.286123 	43.944712 	43.962939 	43.779480 
-30.286243 	43.944697 	43.962930 	43.779475 
-30.286361 	43.944682 	43.962917 	43.779468 
-30.286488 	43.944663 	43.962901 	43.779455 
-30.286614 	43.944654 	43.962895 	43.779441 
-30.286725 	43.944652 	43.962887 	43.779433 
-30.286834 	43.944646 	43.962875 	43.779426 
-30.286931 	43.944634 	43.962856 	43.779424 
-30.287007 	43.944622 	43.962840 	43.779417 
-30.287074 	43.944615 	43.962833 	43.779403 
-30.287113 	43.944603 	43.962830 	43.779385 
-30.287128 	43.944595 	43.962822 	43.779378 
-30.287146 	43.944589 	43.962822 	43.779367 
-30.287132 	43.944591 	43.962825 	43.779362 
-30.287107 	43.944599 	43.962834 	43.779358 
-30.287069 	43.944605 	43.962841 	43.779356 
-30.287034 	43.944609 	43.962850 	43.779352 
-30.286985 	43.944619 	43.962865 	43.779347 
-30.286904 	43.944641 	43.962894 	43.779340 
-30.286817 	43.944682 	43.962927 	43.779337 
-30.286711 	43.944701 	43.962944 	43.779343 
-30.286578 	43.944721 	43.962963 	43.779357 
-30.286432 	43.944748 	43.962994 	43.779375 
-30.286276 	43.944785 	43.963032 	43.779391 
-30.286102 	43.944823 	43.963061 	43.779406 
-30.285910 	43.944861 	43.963101 	43.779425 
-30.285710 	43.944906 	43.963139 	43.779442 
-30.285511 	43.944932 	43.963162 	43.779463 
-40.263970 	41.941835 	41.961665 	41.877654 
-40.263857 	41.941860 	41.961681 	41.877678 
-40.263758 	41.941874 	41.961701 	41.877698 
-40.263645 	41.941893 	41.961720 	41.877721 
-40.263529 	41.941908 	41.961736 	41.877752 
-40.263417 	41.941926 	41.961755 	41.877779 
-40.263300 	41.941944 	41.961770 	41.877804 
-40.263177 	41.941959 	41.961787 	41.877828 
-40.263062 	41.941968 	41.961810 	41.877846 
-40.262954 	41.941980 	41.961834 	41.877859 
-40.262860 	41.941988 	41.961848 	41.877876 
-40.262749 	41.941990 	41.961856 	41.877894 
-40.262653 	41.942004 	41.961872 	41.877906 
-40.262567 	41.942027 	41.961892 	41.877913 
-40.262486 	41.942042 	41.961910 	41.877918 
-40.262399 	41.942060 	41.961931 	41.877924 
-40.262298 	41.942074 	41.961955 	41.877934 
-40.262199 	41.942089 	41.961976 	41.877951 
-40.262093 	41.942107 	41.961994 	41.877978 
-40.261998 	41.942117 	41.962006 	41.878011 
-40.261896 	41.942131 	41.962019 	41.878043 
-40.261805 	41.942150 	41.962036 	41.878070 
-40.261717 	41.942153 	41.962053 	41.878088 
-40.261622 	41.942160 	41.962070 	41.878104 
-40.261534 	41.942168 	41.962085 	41.878124 
-40.261466 	41.942172 	41.962096 	41.878146 
-40.261417 	41.942180 	41.962108 	41.878163 
-40.261372 	41.942189 	41.962116 	41.878175 
-40.261341 	41.942210 	41.962130 	41.878183 
-40.261324 	41.942227 	41.962141 	41.878189 
-40.261319 	41.942234 	41.962149 	41.878200 
-40.261295 	41.942236 	41.962158 	41.878211 
-40.261261 	41.942240 	41.962161 	41.878219 
-40.261226 	41.942247 	41.962173 	41.878223 
-40.261198 	41.942256 	41.962186 	41.878215 
-40.261161 	41.942276 	41.962201 	41.878216 
-40.261126 	41.942297 	41.962212 	41.878221 
-40.261106 	41.942312 	41.962210 	41.878229 
-40.261079 	41.942323 	41.962205 	41.878239 
-40.261061 	41.942331 	41.962209 	41.878248 
-40.261016 	41.942332 	41.962210 	41.878248 
-40.260982 	41.942339 	41.962216 	41.878252 
-40.260937 	41.942348 	41.962227 	41.878263 
-40.260887 	41.942352 	41.962234 	41.878272 
-40.260828 	41.942361 	41.962240 	41.878280 
-40.260762 	41.942367 	41.962251 	41.878290 
-40.260696 	41.942378 	41.962256 	41.878305 
-40.260634 	41.942398 	41.962268 	41.878318 
-40.260587 	41.942417 	41.962281 	41.878324 
-40.260533 	41.942442 	41.962300 	41.878322 
-50.243173 	39.931928 	39.953059 	39.969034 
-50.243067 	39.931952 	39.953073 	39.969068 
-50.242988 	39.931970 	39.953075 	39.969099 
-50.242914 	39.931985 	39.953072 	39.969128 
-50.242826 	39.931993 	39.953073 	39.969159 
-50.242769 	39.932001 	39.953078 	39.969190 
-50.242737 	39.932014 	39.953085 	39.969220 
-50.242710 	39.932031 	39.953099 	39.969246 
-50.242689 	39.932043 	39.953113 	39.969268 
-50.242649 	39.932032 	39.953113 	39.969290 
-50.242612 	39.932037 	39.953127 	39.969313 
-50.242581 	39.932046 	39.953151 	39.969330 
-50.242559 	39.932052 	39.953167 	39.969343 
-50.242538 	39.932052 	39.953166 	39.969354 
-50.242517 	39.932053 	39.953164 	39.969366 
-50.242477 	39.932046 	39.953151 	39.969380 
-50.242451 	39.932036 	39.953142 	39.969396 
-50.242442 	39.932032 	39.953135 	39.969412 
-50.242429 	39.932028 	39.953128 	39.969427 
-50.242416 	39.932027 	39.953125 	39.969443 
-50.242406 	39.932030 	39.953125 	39.969457 
-50.242371 	39.932012 	39.953110 	39.969476 
-50.242337 	39.931995 	39.953099 	39.969496 
-50.242301 	39.931985 	39.953089 	39.969516 
-50.242258 	39.931983 	39.953088 	39.969538 
-50.242231 	39.931988 	39.953094 	39.969557 
-50.242198 	39.931997 	39.953106 	39.969575 
-50.242175 	39.931999 	39.953107 	39.969593 
-50.242140 	39.932007 	39.953123 	39.969610 
-50.242121 	39.932018 	39.953135 	39.969628 
-50.242101 	39.932023 	39.953143 	39.969645 
-50.242064 	39.932024 	39.953153 	39.969661 
-50.242042 	39.932040 	39.953179 	39.969678 
-50.242036 	39.932057 	39.953203 	39.969695 
-50.242023 	39.932076 	39.953223 	39.969708 
-50.241990 	39.932091 	39.953240 	39.969717 
-50.241940 	39.932103 	39.953259 	39.969727 
-50.241869 	39.932107 	39.953273 	39.969739 
-50.241799 	39.932115 	39.953283 	39.969750 
-50.241739 	39.932114 	39.953273 	39.969760 
-50.241678 	39.932121 	39.953266 	39.969774 
-50.241603 	39.932128 	39.953262 	39.969788 
-50.241539 	39.932140 	39.953269 	39.969801 
-50.241463 	39.932163 	39.953293 	39.969816 
-50.241379 	39.932218 	39.953314 	39.969829 
-50.241297 	39.932274 	39.953352 	39.969842 
-50.241232 	39.932318 	39.953385 	39.969852 
-50.241170 	39.932341 	39.953396 	39.969863 
-50.241124 	39.932354 	39.953406 	39.969875 
-50.241086 	39.932359 	39.953412 	39.969885 
-60.219918 	37.916044 	37.938448 	38.054803 
-60.219774 	37.916077 	37.938473 	38.054840 
-60.219622 	37.916118 	37.938503 	38.054877 
-60.219460 	37.916158 	37.938534 	38.054912 
-60.219258 	37.916204 	37.938567 	38.054950 
-60.219040 	37.916243 	37.938598 	38.054986 
-60.218812 	37.916277 	37.938629 	38.055020 
-60.218597 	37.916317 	37.938656 	38.055054 
-60.218388 	37.916359 	37.938687 	38.055088 
-60.218195 	37.916402 	37.938722 	38.055120 
-60.218033 	37.916430 	37.938740 	38.055152 
-60.217853 	37.916447 	37.938744 	38.055186 
-60.217690 	37.916455 	37.938744 	38.055216 
-60.217527 	37.916472 	37.938752 	38.055248 
-60.217381 	37.916490 	37.938761 	38.055277 
-60.217214 	37.916503 	37.938772 	38.055309 
-60.217054 	37.916519 	37.938786 	38.055340 
-60.216912 	37.916538 	37.938809 	38.055368 
-60.216792 	37.916562 	37.938835 	38.055393 
-60.216682 	37.916594 	37.938866 	38.055415 
-60.216604 	37.916607 	37.938886 	38.055434 
-60.216556 	37.916610 	37.938893 	38.055454 
-60.216493 	37.916590 	37.938891 	38.055474 
-60.216424 	37.916529 	37.938861 	38.055493 
-60.216364 	37.916482 	37.938835 	38.055511 
-60.216321 	37.916452 	37.938815 	38.055530 
-60.216259 	37.916432 	37.938803 	38.055548 
-60.216164 	37.916416 	37.938789 	38.055567 
-60.216051 	37.916400 	37.938782 	38.055586 
-60.215937 	37.916410 	37.938789 	38.055604 
-60.215860 	37.916432 	37.938803 	38.055623 
-60.215780 	37.916429 	37.938810 	38.055640 
-60.215717 	37.916416 	37.938807 	38.055656 
-60.215680 	37.916401 	37.938800 	38.055670 
-60.215695 	37.916389 	37.938789 	38.055686 
-60.215722 	37.916379 	37.938779 	38.055699 
-60.215772 	37.916366 	37.938766 	38.055716 
-60.215823 	37.916357 	37.938757 	38.055730 
-60.215869 	37.916348 	37.938746 	38.055743 
-60.215894 	37.916335 	37.938732 	38.055759 
-60.215906 	37.916332 	37.938733 	38.055773 
-60.215921 	37.916330 	37.938734 	38.055787 
-60.215934 	37.916320 	37.938730 	38.055800 
-60.215962 	37.916313 	37.938724 	38.055813 
-60.215983 	37.916307 	37.938721 	38.055825 
-60.216029 	37.916307 	37.938716 	38.055837 
-60.216087 	37.916304 	37.938710 	38.055848 
-60.216148 	37.916298 	37.938697 	38.055859 
-60.216195 	37.916273 	37.938676 	38.055873 
-60.216243 	37.916253 	37.938655 	38.055888 
