2/11/2026 4:04 PM
nDataPerSetPoint: 50
RAF Temperature Probe Calibration
Reference(C), FastResp 3245(Ohm), FastResp 3246(Ohm), FastResp 3269(Ohm)
39.601128 	57.901584 	58.112990 	57.931768 
39.601298 	57.901624 	58.113013 	57.931803 
39.601478 	57.901667 	58.113038 	57.931845 
39.601665 	57.901717 	58.113081 	57.931892 
39.601874 	57.901761 	58.113122 	57.931928 
39.602088 	57.901816 	58.113159 	57.931960 
39.602302 	57.901869 	58.113186 	57.931999 
39.602525 	57.901922 	58.113230 	57.932039 
39.602747 	57.901987 	58.113239 	57.932088 
39.602952 	57.902040 	58.113272 	57.932123 
39.603177 	57.902088 	58.113295 	57.932151 
39.603395 	57.902131 	58.113323 	57.932182 
39.603593 	57.902171 	58.113377 	57.932206 
39.603773 	57.902208 	58.113452 	57.932260 
39.603944 	57.902237 	58.113502 	57.932286 
39.604095 	57.902266 	58.113520 	57.932306 
39.604214 	57.902293 	58.113547 	57.932325 
39.604308 	57.902314 	58.113538 	57.932330 
39.604375 	57.902329 	58.113505 	57.932330 
39.604412 	57.902352 	58.113505 	57.932332 
39.604416 	57.902362 	58.113494 	57.932328 
39.604408 	57.902362 	58.113494 	57.932322 
39.604359 	57.902351 	58.113478 	57.932326 
39.604307 	57.902309 	58.113487 	57.932300 
39.604207 	57.902274 	58.113475 	57.932278 
39.604105 	57.902225 	58.113458 	57.932253 
39.603976 	57.902199 	58.113385 	57.932207 
39.603829 	57.902161 	58.113301 	57.932164 
39.603669 	57.902127 	58.113248 	57.932112 
39.603490 	57.902090 	58.113192 	57.932068 
39.603292 	57.902051 	58.113101 	57.932019 
39.603089 	57.901997 	58.113046 	57.931975 
39.602857 	57.901938 	58.112956 	57.931928 
39.602616 	57.901855 	58.112894 	57.931871 
39.602341 	57.901792 	58.112837 	57.931816 
39.602063 	57.901725 	58.112774 	57.931767 
39.601771 	57.901658 	58.112711 	57.931707 
39.601476 	57.901597 	58.112667 	57.931643 
39.601176 	57.901521 	58.112627 	57.931590 
39.600878 	57.901458 	58.112569 	57.931544 
39.600567 	57.901395 	58.112522 	57.931496 
39.600251 	57.901344 	58.112476 	57.931442 
39.599942 	57.901290 	58.112398 	57.931386 
39.599643 	57.901239 	58.112331 	57.931317 
39.599333 	57.901190 	58.112245 	57.931259 
39.599042 	57.901140 	58.112196 	57.931208 
39.598758 	57.901071 	58.112149 	57.931152 
39.598488 	57.901006 	58.112100 	57.931102 
39.598235 	57.900959 	58.112045 	57.931054 
39.598002 	57.900908 	58.112007 	57.931000 
29.603828 	55.928450 	56.133315 	55.958740 
29.603905 	55.928460 	56.133376 	55.958773 
29.603991 	55.928477 	56.133410 	55.958796 
29.604073 	55.928495 	56.133416 	55.958824 
29.604157 	55.928498 	56.133465 	55.958858 
29.604240 	55.928500 	56.133506 	55.958893 
29.604316 	55.928514 	56.133510 	55.958921 
29.604418 	55.928530 	56.133504 	55.958926 
29.604495 	55.928547 	56.133509 	55.958957 
29.604577 	55.928562 	56.133553 	55.958965 
29.604649 	55.928576 	56.133557 	55.958970 
29.604731 	55.928596 	56.133580 	55.958958 
29.604812 	55.928617 	56.133613 	55.958958 
29.604907 	55.928633 	56.133619 	55.958959 
29.605003 	55.928652 	56.133616 	55.958949 
29.605084 	55.928675 	56.133659 	55.958961 
29.605147 	55.928704 	56.133698 	55.958980 
29.605204 	55.928728 	56.133722 	55.958978 
29.605263 	55.928750 	56.133744 	55.958984 
29.605309 	55.928764 	56.133772 	55.958978 
29.605343 	55.928774 	56.133772 	55.958971 
29.605372 	55.928783 	56.133779 	55.958964 
29.605374 	55.928800 	56.133759 	55.958962 
29.605367 	55.928813 	56.133769 	55.958959 
29.605359 	55.928822 	56.133764 	55.958950 
29.605337 	55.928809 	56.133769 	55.958938 
29.605305 	55.928807 	56.133783 	55.958924 
29.605280 	55.928811 	56.133768 	55.958909 
29.605246 	55.928812 	56.133766 	55.958895 
29.605220 	55.928812 	56.133740 	55.958887 
29.605191 	55.928811 	56.133718 	55.958876 
29.605166 	55.928818 	56.133691 	55.958871 
29.605134 	55.928820 	56.133646 	55.958855 
29.605101 	55.928815 	56.133619 	55.958845 
29.605075 	55.928813 	56.133584 	55.958832 
29.605026 	55.928804 	56.133575 	55.958824 
29.604987 	55.928799 	56.133543 	55.958812 
29.604914 	55.928791 	56.133509 	55.958816 
29.604854 	55.928780 	56.133503 	55.958805 
29.604784 	55.928777 	56.133450 	55.958807 
29.604720 	55.928767 	56.133461 	55.958802 
29.604657 	55.928751 	56.133453 	55.958808 
29.604590 	55.928722 	56.133424 	55.958809 
29.604520 	55.928699 	56.133419 	55.958806 
29.604446 	55.928682 	56.133382 	55.958821 
29.604386 	55.928651 	56.133362 	55.958797 
29.604333 	55.928629 	56.133347 	55.958784 
29.604278 	55.928612 	56.133311 	55.958783 
29.604216 	55.928598 	56.133261 	55.958777 
29.604161 	55.928582 	56.133230 	55.958766 
19.623806 	53.952706 	54.151056 	53.983360 
19.623852 	53.952733 	54.151086 	53.983360 
19.623855 	53.952751 	54.151053 	53.983348 
19.623823 	53.952764 	54.151040 	53.983320 
19.623766 	53.952768 	54.151003 	53.983297 
19.623665 	53.952765 	54.150989 	53.983258 
19.623526 	53.952744 	54.150939 	53.983223 
19.623343 	53.952726 	54.150897 	53.983207 
19.623121 	53.952692 	54.150865 	53.983161 
19.622897 	53.952659 	54.150840 	53.983123 
19.622621 	53.952624 	54.150778 	53.983070 
19.622340 	53.952576 	54.150715 	53.983005 
19.622054 	53.952529 	54.150643 	53.982939 
19.621754 	53.952485 	54.150613 	53.982879 
19.621428 	53.952448 	54.150587 	53.982809 
19.621118 	53.952392 	54.150521 	53.982733 
19.620798 	53.952338 	54.150441 	53.982646 
19.620472 	53.952283 	54.150349 	53.982571 
19.620148 	53.952229 	54.150278 	53.982490 
19.619825 	53.952183 	54.150269 	53.982437 
19.619518 	53.952131 	54.150257 	53.982387 
19.619227 	53.952067 	54.150261 	53.982336 
19.618953 	53.952025 	54.150241 	53.982288 
19.618730 	53.951962 	54.150256 	53.982243 
19.618534 	53.951917 	54.150214 	53.982217 
19.618361 	53.951882 	54.150206 	53.982200 
19.618231 	53.951843 	54.150187 	53.982170 
19.618128 	53.951807 	54.150174 	53.982150 
19.618045 	53.951775 	54.150164 	53.982138 
19.617982 	53.951761 	54.150132 	53.982134 
19.617931 	53.951746 	54.150164 	53.982136 
19.617893 	53.951729 	54.150162 	53.982146 
19.617867 	53.951718 	54.150159 	53.982149 
19.617860 	53.951705 	54.150129 	53.982157 
19.617847 	53.951697 	54.150136 	53.982162 
19.617839 	53.951696 	54.150115 	53.982173 
19.617849 	53.951697 	54.150141 	53.982168 
19.617881 	53.951697 	54.150136 	53.982175 
19.617927 	53.951693 	54.150129 	53.982179 
19.617981 	53.951697 	54.150099 	53.982189 
19.618058 	53.951701 	54.150114 	53.982195 
19.618132 	53.951697 	54.150140 	53.982220 
19.618211 	53.951696 	54.150152 	53.982240 
19.618287 	53.951700 	54.150203 	53.982260 
19.618398 	53.951676 	54.150225 	53.982283 
19.618510 	53.951671 	54.150216 	53.982316 
19.618622 	53.951654 	54.150238 	53.982360 
19.618753 	53.951663 	54.150285 	53.982402 
19.618884 	53.951677 	54.150303 	53.982445 
19.619022 	53.951700 	54.150311 	53.982477 
9.631129 	51.968513 	52.159990 	51.999139 
9.631128 	51.968512 	52.159967 	51.999129 
9.631125 	51.968513 	52.159967 	51.999124 
9.631112 	51.968518 	52.159974 	51.999109 
9.631106 	51.968528 	52.159980 	51.999121 
9.631107 	51.968533 	52.159974 	51.999124 
9.631109 	51.968529 	52.159999 	51.999134 
9.631106 	51.968531 	52.160043 	51.999136 
9.631106 	51.968533 	52.160038 	51.999130 
9.631128 	51.968537 	52.160039 	51.999138 
9.631158 	51.968537 	52.160016 	51.999144 
9.631207 	51.968544 	52.160045 	51.999154 
9.631261 	51.968554 	52.160019 	51.999168 
9.631339 	51.968563 	52.160020 	51.999181 
9.631427 	51.968574 	52.160027 	51.999189 
9.631510 	51.968592 	52.160062 	51.999209 
9.631614 	51.968613 	52.160074 	51.999226 
9.631729 	51.968633 	52.160109 	51.999246 
9.631840 	51.968656 	52.160140 	51.999252 
9.631936 	51.968678 	52.160161 	51.999266 
9.632016 	51.968694 	52.160191 	51.999269 
9.632092 	51.968712 	52.160202 	51.999271 
9.632160 	51.968727 	52.160224 	51.999268 
9.632227 	51.968743 	52.160241 	51.999263 
9.632301 	51.968754 	52.160298 	51.999286 
9.632369 	51.968745 	52.160302 	51.999307 
9.632440 	51.968757 	52.160325 	51.999310 
9.632507 	51.968771 	52.160357 	51.999318 
9.632592 	51.968780 	52.160372 	51.999334 
9.632661 	51.968785 	52.160385 	51.999350 
9.632731 	51.968796 	52.160364 	51.999355 
9.632801 	51.968808 	52.160346 	51.999366 
9.632864 	51.968814 	52.160334 	51.999381 
9.632922 	51.968821 	52.160304 	51.999395 
9.632958 	51.968818 	52.160306 	51.999399 
9.632997 	51.968823 	52.160340 	51.999421 
9.633049 	51.968835 	52.160340 	51.999431 
9.633097 	51.968845 	52.160328 	51.999449 
9.633149 	51.968854 	52.160332 	51.999472 
9.633205 	51.968866 	52.160390 	51.999483 
9.633269 	51.968885 	52.160403 	51.999497 
9.633327 	51.968897 	52.160411 	51.999507 
9.633380 	51.968906 	52.160452 	51.999525 
9.633432 	51.968919 	52.160458 	51.999532 
9.633482 	51.968935 	52.160448 	51.999538 
9.633523 	51.968937 	52.160422 	51.999540 
9.633538 	51.968946 	52.160437 	51.999541 
9.633532 	51.968954 	52.160419 	51.999538 
9.633519 	51.968958 	52.160395 	51.999525 
9.633476 	51.968956 	52.160369 	51.999522 
-0.350045 	49.980563 	50.165605 	50.011275 
-0.349997 	49.980577 	50.165561 	50.011298 
-0.349937 	49.980589 	50.165569 	50.011326 
-0.349851 	49.980602 	50.165543 	50.011342 
-0.349768 	49.980619 	50.165517 	50.011373 
-0.349668 	49.980642 	50.165494 	50.011391 
-0.349559 	49.980657 	50.165500 	50.011415 
-0.349428 	49.980674 	50.165499 	50.011449 
-0.349295 	49.980690 	50.165517 	50.011488 
-0.349139 	49.980717 	50.165545 	50.011513 
-0.348980 	49.980743 	50.165570 	50.011554 
-0.348821 	49.980767 	50.165587 	50.011590 
-0.348658 	49.980793 	50.165615 	50.011619 
-0.348503 	49.980824 	50.165670 	50.011627 
-0.348365 	49.980856 	50.165655 	50.011645 
-0.348230 	49.980886 	50.165627 	50.011652 
-0.348130 	49.980910 	50.165645 	50.011677 
-0.348047 	49.980934 	50.165672 	50.011688 
-0.347990 	49.980950 	50.165683 	50.011696 
-0.347954 	49.980967 	50.165695 	50.011705 
-0.347943 	49.980975 	50.165704 	50.011707 
-0.347946 	49.980979 	50.165659 	50.011690 
-0.347962 	49.980984 	50.165621 	50.011684 
-0.347963 	49.980987 	50.165637 	50.011689 
-0.347952 	49.980997 	50.165647 	50.011704 
-0.347915 	49.981007 	50.165660 	50.011715 
-0.347862 	49.981019 	50.165671 	50.011726 
-0.347787 	49.981039 	50.165695 	50.011729 
-0.347699 	49.981054 	50.165718 	50.011740 
-0.347588 	49.981074 	50.165730 	50.011749 
-0.347464 	49.981099 	50.165779 	50.011753 
-0.347342 	49.981125 	50.165785 	50.011773 
-0.347221 	49.981159 	50.165793 	50.011792 
-0.347127 	49.981185 	50.165829 	50.011828 
-0.347030 	49.981210 	50.165883 	50.011848 
-0.346946 	49.981236 	50.165881 	50.011865 
-0.346876 	49.981262 	50.165919 	50.011872 
-0.346830 	49.981279 	50.165933 	50.011877 
-0.346798 	49.981296 	50.165939 	50.011878 
-0.346774 	49.981302 	50.165938 	50.011893 
-0.346761 	49.981311 	50.165972 	50.011892 
-0.346745 	49.981323 	50.166015 	50.011894 
-0.346712 	49.981334 	50.166022 	50.011886 
-0.346661 	49.981349 	50.166012 	50.011912 
-0.346587 	49.981370 	50.166014 	50.011921 
-0.346511 	49.981390 	50.166065 	50.011929 
-0.346400 	49.981408 	50.166088 	50.011940 
-0.346280 	49.981430 	50.166093 	50.011964 
-0.346136 	49.981460 	50.166119 	50.011995 
-0.345976 	49.981477 	50.166168 	50.012035 
-10.321894 	47.988421 	48.166515 	48.018871 
-10.321765 	47.988446 	48.166522 	48.018910 
-10.321637 	47.988474 	48.166561 	48.018942 
-10.321517 	47.988495 	48.166602 	48.018971 
-10.321392 	47.988517 	48.166610 	48.018994 
-10.321277 	47.988535 	48.166641 	48.019008 
-10.321180 	47.988549 	48.166659 	48.019008 
-10.321109 	47.988558 	48.166625 	48.019014 
-10.321024 	47.988566 	48.166591 	48.019023 
-10.320929 	47.988576 	48.166565 	48.019028 
-10.320836 	47.988587 	48.166557 	48.019040 
-10.320744 	47.988607 	48.166532 	48.019058 
-10.320650 	47.988622 	48.166520 	48.019091 
-10.320538 	47.988634 	48.166533 	48.019114 
-10.320424 	47.988651 	48.166545 	48.019146 
-10.320307 	47.988673 	48.166580 	48.019178 
-10.320171 	47.988703 	48.166609 	48.019222 
-10.320053 	47.988732 	48.166646 	48.019266 
-10.319905 	47.988767 	48.166678 	48.019307 
-10.319764 	47.988804 	48.166743 	48.019343 
-10.319616 	47.988836 	48.166828 	48.019380 
-10.319482 	47.988865 	48.166872 	48.019401 
-10.319328 	47.988895 	48.166900 	48.019423 
-10.319194 	47.988926 	48.166936 	48.019443 
-10.319082 	47.988955 	48.166978 	48.019468 
-10.318987 	47.988981 	48.167040 	48.019493 
-10.318899 	47.988999 	48.167069 	48.019517 
-10.318819 	47.989017 	48.167101 	48.019528 
-10.318757 	47.989030 	48.167068 	48.019543 
-10.318705 	47.989038 	48.167051 	48.019546 
-10.318638 	47.989055 	48.167065 	48.019555 
-10.318568 	47.989073 	48.167116 	48.019565 
-10.318492 	47.989088 	48.167143 	48.019577 
-10.318425 	47.989105 	48.167120 	48.019588 
-10.318346 	47.989120 	48.167163 	48.019592 
-10.318255 	47.989140 	48.167178 	48.019618 
-10.318167 	47.989162 	48.167171 	48.019651 
-10.318062 	47.989184 	48.167241 	48.019677 
-10.317963 	47.989208 	48.167263 	48.019705 
-10.317867 	47.989226 	48.167292 	48.019724 
-10.317777 	47.989242 	48.167311 	48.019744 
-10.317689 	47.989262 	48.167334 	48.019747 
-10.317629 	47.989280 	48.167348 	48.019748 
-10.317575 	47.989297 	48.167356 	48.019767 
-10.317520 	47.989310 	48.167349 	48.019779 
-10.317459 	47.989316 	48.167355 	48.019792 
-10.317409 	47.989322 	48.167366 	48.019803 
-10.317365 	47.989326 	48.167376 	48.019809 
-10.317339 	47.989325 	48.167420 	48.019820 
-10.317311 	47.989323 	48.167468 	48.019829 
-20.302662 	45.988357 	46.159774 	46.018215 
-20.302549 	45.988390 	46.159783 	46.018235 
-20.302453 	45.988417 	46.159804 	46.018254 
-20.302362 	45.988432 	46.159825 	46.018264 
-20.302259 	45.988452 	46.159839 	46.018280 
-20.302157 	45.988470 	46.159864 	46.018312 
-20.302052 	45.988490 	46.159906 	46.018340 
-20.301943 	45.988510 	46.159958 	46.018363 
-20.301833 	45.988532 	46.159992 	46.018388 
-20.301742 	45.988550 	46.160054 	46.018417 
-20.301659 	45.988560 	46.160012 	46.018442 
-20.301564 	45.988567 	46.159990 	46.018465 
-20.301469 	45.988579 	46.159976 	46.018485 
-20.301383 	45.988600 	46.159968 	46.018500 
-20.301298 	45.988613 	46.159936 	46.018513 
-20.301216 	45.988617 	46.159919 	46.018529 
-20.301161 	45.988625 	46.159880 	46.018544 
-20.301099 	45.988630 	46.159922 	46.018566 
-20.301030 	45.988637 	46.159947 	46.018586 
-20.300941 	45.988650 	46.159963 	46.018597 
-20.300858 	45.988675 	46.160001 	46.018608 
-20.300759 	45.988690 	46.160007 	46.018635 
-20.300663 	45.988707 	46.160010 	46.018652 
-20.300583 	45.988719 	46.160058 	46.018673 
-20.300504 	45.988729 	46.160103 	46.018688 
-20.300439 	45.988739 	46.160104 	46.018700 
-20.300382 	45.988750 	46.160092 	46.018712 
-20.300348 	45.988748 	46.160102 	46.018717 
-20.300311 	45.988739 	46.160091 	46.018724 
-20.300280 	45.988740 	46.160030 	46.018729 
-20.300275 	45.988738 	46.159951 	46.018721 
-20.300257 	45.988734 	46.159937 	46.018715 
-20.300230 	45.988736 	46.159902 	46.018710 
-20.300198 	45.988750 	46.159835 	46.018715 
-20.300173 	45.988763 	46.159815 	46.018721 
-20.300153 	45.988775 	46.159818 	46.018717 
-20.300122 	45.988783 	46.159803 	46.018710 
-20.300083 	45.988791 	46.159776 	46.018704 
-20.300051 	45.988801 	46.159771 	46.018693 
-20.300011 	45.988800 	46.159758 	46.018699 
-20.299964 	45.988803 	46.159818 	46.018712 
-20.299911 	45.988811 	46.159865 	46.018729 
-20.299862 	45.988819 	46.159874 	46.018743 
-20.299808 	45.988822 	46.159909 	46.018762 
-20.299732 	45.988821 	46.159956 	46.018782 
-20.299672 	45.988834 	46.160004 	46.018794 
-20.299575 	45.988844 	46.160032 	46.018814 
-20.299466 	45.988858 	46.160067 	46.018824 
-20.299365 	45.988882 	46.160128 	46.018837 
-20.299290 	45.988901 	46.160128 	46.018852 
-30.290062 	43.981001 	44.143467 	44.009679 
-30.290046 	43.980998 	44.143480 	44.009674 
-30.290027 	43.980992 	44.143527 	44.009670 
-30.290006 	43.980979 	44.143533 	44.009669 
-30.289980 	43.980979 	44.143529 	44.009674 
-30.289953 	43.980974 	44.143554 	44.009679 
-30.289915 	43.980975 	44.143571 	44.009684 
-30.289861 	43.980982 	44.143588 	44.009689 
-30.289778 	43.980989 	44.143609 	44.009692 
-30.289700 	43.981006 	44.143652 	44.009699 
-30.289600 	43.981027 	44.143680 	44.009714 
-30.289502 	43.981058 	44.143681 	44.009727 
-30.289391 	43.981086 	44.143734 	44.009737 
-30.289283 	43.981114 	44.143808 	44.009755 
-30.289151 	43.981138 	44.143889 	44.009777 
-30.289028 	43.981153 	44.143963 	44.009806 
-30.288894 	43.981158 	44.144036 	44.009845 
-30.288770 	43.981172 	44.144087 	44.009879 
-30.288650 	43.981188 	44.144115 	44.009904 
-30.288501 	43.981213 	44.144128 	44.009934 
-30.288345 	43.981244 	44.144157 	44.009961 
-30.288178 	43.981273 	44.144201 	44.009991 
-30.287989 	43.981305 	44.144235 	44.010023 
-30.287792 	43.981337 	44.144323 	44.010064 
-30.287588 	43.981362 	44.144403 	44.010106 
-30.287381 	43.981402 	44.144447 	44.010147 
-30.287166 	43.981446 	44.144488 	44.010183 
-30.286974 	43.981489 	44.144512 	44.010217 
-30.286809 	43.981530 	44.144528 	44.010254 
-30.286650 	43.981577 	44.144546 	44.010285 
-30.286512 	43.981628 	44.144564 	44.010318 
-30.286359 	43.981678 	44.144572 	44.010349 
-30.286210 	43.981727 	44.144574 	44.010385 
-30.286056 	43.981773 	44.144593 	44.010420 
-30.285914 	43.981818 	44.144698 	44.010447 
-30.285750 	43.981865 	44.144731 	44.010478 
-30.285576 	43.981900 	44.144790 	44.010509 
-30.285405 	43.981927 	44.144858 	44.010543 
-30.285241 	43.981962 	44.144927 	44.010577 
-30.285079 	43.981991 	44.144965 	44.010610 
-30.284930 	43.982014 	44.144991 	44.010643 
-30.284772 	43.982035 	44.145013 	44.010675 
-30.284608 	43.982064 	44.145004 	44.010713 
-30.284438 	43.982092 	44.145012 	44.010743 
-30.284285 	43.982129 	44.145003 	44.010772 
-30.284128 	43.982174 	44.144979 	44.010797 
-30.283965 	43.982218 	44.144989 	44.010822 
-30.283794 	43.982258 	44.145024 	44.010854 
-30.283616 	43.982291 	44.145077 	44.010889 
-30.283458 	43.982317 	44.145110 	44.010925 
-40.259062 	41.971104 	42.123359 	41.998514 
-40.258988 	41.971114 	42.123394 	41.998540 
-40.258903 	41.971131 	42.123422 	41.998567 
-40.258823 	41.971144 	42.123450 	41.998596 
-40.258745 	41.971161 	42.123478 	41.998628 
-40.258679 	41.971181 	42.123483 	41.998659 
-40.258605 	41.971199 	42.123499 	41.998687 
-40.258526 	41.971221 	42.123493 	41.998713 
-40.258455 	41.971241 	42.123500 	41.998743 
-40.258383 	41.971252 	42.123503 	41.998771 
-40.258309 	41.971269 	42.123523 	41.998801 
-40.258241 	41.971282 	42.123567 	41.998829 
-40.258162 	41.971297 	42.123599 	41.998858 
-40.258069 	41.971315 	42.123641 	41.998886 
-40.257965 	41.971333 	42.123689 	41.998914 
-40.257897 	41.971353 	42.123739 	41.998941 
-40.257853 	41.971369 	42.123787 	41.998967 
-40.257813 	41.971383 	42.123805 	41.998994 
-40.257781 	41.971402 	42.123819 	41.999020 
-40.257752 	41.971420 	42.123823 	41.999045 
-40.257702 	41.971438 	42.123837 	41.999071 
-40.257650 	41.971451 	42.123856 	41.999097 
-40.257587 	41.971469 	42.123877 	41.999122 
-40.257516 	41.971478 	42.123910 	41.999147 
-40.257444 	41.971492 	42.123902 	41.999175 
-40.257368 	41.971505 	42.123908 	41.999197 
-40.257302 	41.971517 	42.123927 	41.999220 
-40.257242 	41.971527 	42.123955 	41.999241 
-40.257162 	41.971544 	42.123984 	41.999262 
-40.257103 	41.971561 	42.124026 	41.999284 
-40.257058 	41.971576 	42.124039 	41.999308 
-40.257021 	41.971587 	42.124053 	41.999331 
-40.256987 	41.971597 	42.124081 	41.999352 
-40.256944 	41.971611 	42.124090 	41.999369 
-40.256886 	41.971625 	42.124081 	41.999384 
-40.256818 	41.971637 	42.124099 	41.999390 
-40.256743 	41.971643 	42.124113 	41.999392 
-40.256672 	41.971640 	42.124142 	41.999391 
-40.256603 	41.971643 	42.124167 	41.999393 
-40.256534 	41.971650 	42.124193 	41.999399 
-40.256468 	41.971658 	42.124209 	41.999407 
-40.256391 	41.971670 	42.124233 	41.999417 
-40.256330 	41.971676 	42.124274 	41.999426 
-40.256264 	41.971676 	42.124311 	41.999437 
-40.256211 	41.971682 	42.124336 	41.999450 
-40.256155 	41.971685 	42.124366 	41.999461 
-40.256108 	41.971687 	42.124372 	41.999472 
-40.256058 	41.971690 	42.124405 	41.999479 
-40.255989 	41.971687 	42.124426 	41.999486 
-40.255910 	41.971690 	42.124468 	41.999496 
-50.245351 	39.949145 	40.095753 	39.977635 
-50.245196 	39.949205 	40.095741 	39.977665 
-50.245042 	39.949282 	40.095745 	39.977697 
-50.244911 	39.949360 	40.095764 	39.977729 
-50.244776 	39.949434 	40.095771 	39.977760 
-50.244664 	39.949507 	40.095787 	39.977792 
-50.244567 	39.949559 	40.095782 	39.977823 
-50.244436 	39.949603 	40.095791 	39.977854 
-50.244289 	39.949641 	40.095804 	39.977883 
-50.244150 	39.949663 	40.095813 	39.977914 
-50.244036 	39.949676 	40.095833 	39.977941 
-50.243943 	39.949712 	40.095856 	39.977970 
-50.243848 	39.949789 	40.095875 	39.977999 
-50.243717 	39.949874 	40.095905 	39.978028 
-50.243597 	39.949961 	40.095927 	39.978056 
-50.243449 	39.950040 	40.095951 	39.978087 
-50.243295 	39.950100 	40.095979 	39.978118 
-50.243153 	39.950161 	40.096012 	39.978150 
-50.243002 	39.950198 	40.096043 	39.978180 
-50.242879 	39.950238 	40.096082 	39.978208 
-50.242774 	39.950278 	40.096123 	39.978237 
-50.242659 	39.950307 	40.096157 	39.978271 
-50.242554 	39.950337 	40.096192 	39.978301 
-50.242476 	39.950370 	40.096222 	39.978329 
-50.242421 	39.950379 	40.096240 	39.978357 
-50.242369 	39.950420 	40.096258 	39.978384 
-50.242311 	39.950456 	40.096276 	39.978406 
-50.242288 	39.950485 	40.096311 	39.978426 
-50.242280 	39.950522 	40.096343 	39.978450 
-50.242263 	39.950560 	40.096406 	39.978477 
-50.242224 	39.950554 	40.096450 	39.978502 
-50.242190 	39.950543 	40.096493 	39.978525 
-50.242150 	39.950516 	40.096521 	39.978548 
-50.242071 	39.950481 	40.096529 	39.978569 
-50.242010 	39.950439 	40.096551 	39.978589 
-50.241951 	39.950396 	40.096562 	39.978605 
-50.241893 	39.950353 	40.096579 	39.978621 
-50.241850 	39.950308 	40.096596 	39.978636 
-50.241810 	39.950276 	40.096615 	39.978655 
-50.241770 	39.950290 	40.096622 	39.978675 
-50.241724 	39.950319 	40.096619 	39.978695 
-50.241668 	39.950353 	40.096632 	39.978716 
-50.241614 	39.950369 	40.096655 	39.978735 
-50.241597 	39.950370 	40.096650 	39.978753 
-50.241562 	39.950359 	40.096651 	39.978772 
-50.241530 	39.950360 	40.096677 	39.978786 
-50.241493 	39.950383 	40.096690 	39.978799 
-50.241436 	39.950404 	40.096706 	39.978814 
-50.241383 	39.950441 	40.096720 	39.978827 
-50.241316 	39.950481 	40.096730 	39.978842 
-60.221593 	37.923960 	38.063482 	37.953171 
-60.221344 	37.923978 	38.063465 	37.953191 
-60.221101 	37.923978 	38.063448 	37.953210 
-60.220869 	37.923963 	38.063433 	37.953231 
-60.220657 	37.923956 	38.063449 	37.953252 
-60.220457 	37.923939 	38.063460 	37.953274 
-60.220269 	37.923927 	38.063469 	37.953294 
-60.220091 	37.923927 	38.063497 	37.953315 
-60.219871 	37.923903 	38.063539 	37.953336 
-60.219645 	37.923949 	38.063559 	37.953353 
-60.219451 	37.923932 	38.063536 	37.953369 
-60.219284 	37.923889 	38.063529 	37.953390 
-60.219138 	37.923913 	38.063528 	37.953412 
-60.219019 	37.923987 	38.063532 	37.953438 
-60.218906 	37.924017 	38.063547 	37.953461 
-60.218810 	37.924003 	38.063553 	37.953479 
-60.218684 	37.924035 	38.063534 	37.953497 
-60.218544 	37.924048 	38.063497 	37.953517 
-60.218435 	37.924047 	38.063352 	37.953535 
-60.218363 	37.924037 	38.063282 	37.953552 
-60.218316 	37.924060 	38.063232 	37.953568 
-60.218288 	37.924104 	38.063196 	37.953581 
-60.218280 	37.924135 	38.063180 	37.953594 
-60.218267 	37.924166 	38.063179 	37.953606 
-60.218272 	37.924161 	38.063158 	37.953617 
-60.218280 	37.924201 	38.062999 	37.953627 
-60.218324 	37.924218 	38.062917 	37.953635 
-60.218352 	37.924201 	38.062852 	37.953644 
-60.218370 	37.924192 	38.062804 	37.953652 
-60.218394 	37.924173 	38.062751 	37.953658 
-60.218442 	37.924105 	38.062716 	37.953666 
-60.218517 	37.924057 	38.062832 	37.953673 
-60.218518 	37.924039 	38.062885 	37.953682 
-60.218489 	37.924039 	38.062926 	37.953689 
-60.218478 	37.924048 	38.062940 	37.953696 
-60.218510 	37.924113 	38.062989 	37.953702 
-60.218561 	37.924168 	38.063035 	37.953708 
-60.218602 	37.924250 	38.063013 	37.953713 
-60.218705 	37.924332 	38.062979 	37.953720 
-60.218808 	37.924338 	38.062989 	37.953731 
-60.218872 	37.924367 	38.063037 	37.953742 
-60.218929 	37.924382 	38.063125 	37.953755 
-60.218990 	37.924342 	38.063193 	37.953770 
-60.219011 	37.924273 	38.063235 	37.953777 
-60.219034 	37.924240 	38.063262 	37.953787 
-60.219009 	37.924291 	38.063299 	37.953794 
-60.218995 	37.924259 	38.063371 	37.953803 
-60.219002 	37.924263 	38.063467 	37.953811 
-60.218993 	37.924296 	38.063643 	37.953820 
-60.218974 	37.924349 	38.063751 	37.953830 
