2/17/2026 4:13 PM
nDataPerSetPoint: 50
RAF Temperature Probe Calibration
Reference(C), FastResp 1955(Ohm), FastResp 3182(Ohm), FastResp 3243(Ohm)
39.598870 	58.005784 	57.892983 	58.565202 
39.598771 	58.005779 	57.892964 	58.565177 
39.598679 	58.005770 	57.892968 	58.565154 
39.598591 	58.005759 	57.893015 	58.565131 
39.598489 	58.005766 	57.892950 	58.565111 
39.598386 	58.005769 	57.892875 	58.565088 
39.598280 	58.005766 	57.892885 	58.565066 
39.598193 	58.005745 	57.892881 	58.565047 
39.598093 	58.005728 	57.892888 	58.565025 
39.598005 	58.005734 	57.892854 	58.565003 
39.597918 	58.005717 	57.892820 	58.564976 
39.597840 	58.005700 	57.892829 	58.564952 
39.597764 	58.005663 	57.892895 	58.564926 
39.597676 	58.005620 	57.892883 	58.564902 
39.597592 	58.005588 	57.892850 	58.564877 
39.597503 	58.005557 	57.892854 	58.564851 
39.597413 	58.005526 	57.892854 	58.564826 
39.597309 	58.005490 	57.892886 	58.564800 
39.597223 	58.005496 	57.892820 	58.564776 
39.597121 	58.005496 	57.892833 	58.564753 
39.597037 	58.005486 	57.892830 	58.564730 
39.596940 	58.005472 	57.892754 	58.564705 
39.596833 	58.005461 	57.892753 	58.564680 
39.596737 	58.005463 	57.892676 	58.564662 
39.596670 	58.005455 	57.892720 	58.564644 
39.596635 	58.005468 	57.892734 	58.564625 
39.596612 	58.005484 	57.892706 	58.564605 
39.596582 	58.005491 	57.892685 	58.564587 
39.596588 	58.005496 	57.892708 	58.564569 
39.596600 	58.005528 	57.892654 	58.564556 
39.596615 	58.005546 	57.892705 	58.564546 
39.596641 	58.005554 	57.892703 	58.564544 
39.596662 	58.005552 	57.892686 	58.564542 
39.596688 	58.005553 	57.892683 	58.564534 
39.596723 	58.005557 	57.892717 	58.564525 
39.596745 	58.005532 	57.892746 	58.564518 
39.596793 	58.005523 	57.892774 	58.564511 
39.596818 	58.005538 	57.892759 	58.564507 
39.596834 	58.005529 	57.892666 	58.564503 
39.596841 	58.005517 	57.892642 	58.564499 
39.596821 	58.005522 	57.892592 	58.564496 
39.596809 	58.005495 	57.892582 	58.564488 
39.596791 	58.005512 	57.892549 	58.564482 
39.596785 	58.005520 	57.892560 	58.564473 
39.596775 	58.005529 	57.892633 	58.564470 
39.596770 	58.005535 	57.892632 	58.564467 
39.596759 	58.005506 	57.892577 	58.564464 
39.596754 	58.005484 	57.892572 	58.564459 
39.596749 	58.005462 	57.892606 	58.564456 
39.596741 	58.005453 	57.892545 	58.564451 
29.594367 	56.027890 	55.919396 	56.572370 
29.594498 	56.027929 	55.919371 	56.572411 
29.594646 	56.027964 	55.919379 	56.572460 
29.594799 	56.028004 	55.919418 	56.572505 
29.594958 	56.028043 	55.919515 	56.572547 
29.595112 	56.028098 	55.919526 	56.572587 
29.595258 	56.028140 	55.919555 	56.572622 
29.595380 	56.028174 	55.919577 	56.572662 
29.595482 	56.028155 	55.919602 	56.572695 
29.595569 	56.028162 	55.919627 	56.572727 
29.595633 	56.028179 	55.919677 	56.572751 
29.595696 	56.028214 	55.919695 	56.572773 
29.595753 	56.028207 	55.919656 	56.572795 
29.595820 	56.028193 	55.919673 	56.572817 
29.595886 	56.028205 	55.919678 	56.572836 
29.595952 	56.028219 	55.919675 	56.572854 
29.596030 	56.028242 	55.919702 	56.572863 
29.596131 	56.028267 	55.919742 	56.572885 
29.596234 	56.028307 	55.919723 	56.572922 
29.596344 	56.028326 	55.919709 	56.572951 
29.596475 	56.028349 	55.919756 	56.572981 
29.596613 	56.028388 	55.919727 	56.573009 
29.596752 	56.028414 	55.919774 	56.573036 
29.596900 	56.028478 	55.919812 	56.573067 
29.597035 	56.028528 	55.919806 	56.573107 
29.597154 	56.028554 	55.919749 	56.573148 
29.597270 	56.028602 	55.919729 	56.573188 
29.597378 	56.028607 	55.919776 	56.573220 
29.597480 	56.028622 	55.919835 	56.573247 
29.597579 	56.028645 	55.919918 	56.573273 
29.597676 	56.028654 	55.920007 	56.573291 
29.597753 	56.028650 	55.920062 	56.573304 
29.597833 	56.028654 	55.920173 	56.573309 
29.597888 	56.028660 	55.920219 	56.573317 
29.597948 	56.028656 	55.920253 	56.573324 
29.597997 	56.028654 	55.920281 	56.573334 
29.598060 	56.028646 	55.920206 	56.573346 
29.598153 	56.028637 	55.920221 	56.573365 
29.598259 	56.028695 	55.920262 	56.573395 
29.598379 	56.028720 	55.920300 	56.573422 
29.598519 	56.028741 	55.920364 	56.573451 
29.598655 	56.028756 	55.920387 	56.573489 
29.598790 	56.028814 	55.920412 	56.573517 
29.598912 	56.028871 	55.920427 	56.573543 
29.599017 	56.028890 	55.920385 	56.573571 
29.599109 	56.028910 	55.920388 	56.573591 
29.599182 	56.028923 	55.920329 	56.573618 
29.599235 	56.028934 	55.920279 	56.573634 
29.599284 	56.028948 	55.920326 	56.573643 
29.599314 	56.028944 	55.920360 	56.573652 
19.613121 	54.048563 	53.944189 	54.579007 
19.613290 	54.048577 	53.944173 	54.579031 
19.613455 	54.048594 	53.944308 	54.579056 
19.613612 	54.048613 	53.944378 	54.579078 
19.613784 	54.048642 	53.944411 	54.579101 
19.613965 	54.048654 	53.944446 	54.579125 
19.614141 	54.048670 	53.944488 	54.579151 
19.614316 	54.048699 	53.944516 	54.579178 
19.614479 	54.048722 	53.944545 	54.579199 
19.614646 	54.048746 	53.944600 	54.579223 
19.614814 	54.048770 	53.944685 	54.579247 
19.614979 	54.048789 	53.944819 	54.579270 
19.615142 	54.048819 	53.944859 	54.579296 
19.615286 	54.048851 	53.944904 	54.579328 
19.615423 	54.048882 	53.944841 	54.579359 
19.615542 	54.048902 	53.944919 	54.579383 
19.615653 	54.048947 	53.944965 	54.579407 
19.615765 	54.049016 	53.945014 	54.579429 
19.615863 	54.049040 	53.945056 	54.579448 
19.615957 	54.049075 	53.945048 	54.579462 
19.616054 	54.049115 	53.945103 	54.579478 
19.616144 	54.049149 	53.945116 	54.579504 
19.616244 	54.049173 	53.945136 	54.579525 
19.616345 	54.049205 	53.945216 	54.579547 
19.616440 	54.049262 	53.945234 	54.579571 
19.616532 	54.049322 	53.945218 	54.579593 
19.616627 	54.049364 	53.945273 	54.579615 
19.616711 	54.049397 	53.945281 	54.579639 
19.616813 	54.049429 	53.945288 	54.579661 
19.616901 	54.049457 	53.945304 	54.579686 
19.617012 	54.049483 	53.945340 	54.579711 
19.617108 	54.049512 	53.945413 	54.579734 
19.617208 	54.049535 	53.945431 	54.579758 
19.617318 	54.049566 	53.945425 	54.579783 
19.617422 	54.049595 	53.945405 	54.579808 
19.617518 	54.049618 	53.945376 	54.579838 
19.617607 	54.049645 	53.945424 	54.579869 
19.617697 	54.049673 	53.945398 	54.579894 
19.617820 	54.049683 	53.945426 	54.579919 
19.617933 	54.049710 	53.945448 	54.579951 
19.618066 	54.049730 	53.945493 	54.579981 
19.618198 	54.049759 	53.945513 	54.580009 
19.618324 	54.049789 	53.945565 	54.580038 
19.618459 	54.049815 	53.945529 	54.580060 
19.618575 	54.049827 	53.945629 	54.580091 
19.618695 	54.049858 	53.945649 	54.580119 
19.618828 	54.049867 	53.945721 	54.580146 
19.618951 	54.049883 	53.945712 	54.580176 
19.619105 	54.049909 	53.945742 	54.580201 
19.619259 	54.049937 	53.945730 	54.580226 
9.626024 	52.062297 	51.961781 	52.578727 
9.626086 	52.062332 	51.961785 	52.578750 
9.626156 	52.062368 	51.961788 	52.578774 
9.626221 	52.062381 	51.961717 	52.578793 
9.626307 	52.062396 	51.961727 	52.578812 
9.626371 	52.062408 	51.961764 	52.578829 
9.626417 	52.062417 	51.961846 	52.578845 
9.626448 	52.062413 	51.961900 	52.578859 
9.626457 	52.062404 	51.961886 	52.578871 
9.626447 	52.062390 	51.961896 	52.578883 
9.626419 	52.062369 	51.961887 	52.578884 
9.626392 	52.062350 	51.961866 	52.578879 
9.626359 	52.062338 	51.961787 	52.578881 
9.626343 	52.062325 	51.961789 	52.578881 
9.626370 	52.062322 	51.961821 	52.578884 
9.626419 	52.062328 	51.961818 	52.578887 
9.626465 	52.062339 	51.961837 	52.578891 
9.626538 	52.062379 	51.961795 	52.578896 
9.626637 	52.062393 	51.961844 	52.578905 
9.626749 	52.062414 	51.961777 	52.578916 
9.626874 	52.062443 	51.961789 	52.578929 
9.627000 	52.062471 	51.961781 	52.578943 
9.627135 	52.062503 	51.961816 	52.578958 
9.627267 	52.062538 	51.961869 	52.578975 
9.627413 	52.062543 	51.961972 	52.578993 
9.627539 	52.062543 	51.961971 	52.579010 
9.627653 	52.062559 	51.962035 	52.579024 
9.627754 	52.062560 	51.962127 	52.579042 
9.627842 	52.062563 	51.962172 	52.579055 
9.627933 	52.062561 	51.962172 	52.579078 
9.628005 	52.062565 	51.962280 	52.579096 
9.628070 	52.062579 	51.962273 	52.579109 
9.628112 	52.062571 	51.962294 	52.579122 
9.628169 	52.062579 	51.962404 	52.579136 
9.628220 	52.062589 	51.962430 	52.579150 
9.628285 	52.062612 	51.962505 	52.579163 
9.628367 	52.062633 	51.962496 	52.579176 
9.628454 	52.062665 	51.962513 	52.579190 
9.628550 	52.062692 	51.962552 	52.579206 
9.628657 	52.062714 	51.962616 	52.579221 
9.628749 	52.062737 	51.962664 	52.579240 
9.628833 	52.062768 	51.962651 	52.579258 
9.628908 	52.062794 	51.962662 	52.579276 
9.628952 	52.062820 	51.962649 	52.579296 
9.628978 	52.062843 	51.962591 	52.579319 
9.628988 	52.062858 	51.962539 	52.579347 
9.628986 	52.062864 	51.962439 	52.579375 
9.628987 	52.062863 	51.962430 	52.579404 
9.628986 	52.062880 	51.962398 	52.579431 
9.628994 	52.062908 	51.962433 	52.579459 
-0.352342 	50.071702 	49.974609 	50.574205 
-0.352275 	50.071746 	49.974623 	50.574239 
-0.352182 	50.071822 	49.974672 	50.574270 
-0.352092 	50.071857 	49.974715 	50.574300 
-0.352010 	50.071857 	49.974705 	50.574333 
-0.351925 	50.071865 	49.974709 	50.574367 
-0.351833 	50.071887 	49.974757 	50.574399 
-0.351740 	50.071910 	49.974737 	50.574429 
-0.351619 	50.071924 	49.974756 	50.574458 
-0.351503 	50.071932 	49.974739 	50.574486 
-0.351382 	50.071932 	49.974831 	50.574514 
-0.351255 	50.071945 	49.974804 	50.574541 
-0.351132 	50.071969 	49.974828 	50.574566 
-0.351017 	50.071980 	49.974859 	50.574591 
-0.350902 	50.071990 	49.974881 	50.574615 
-0.350805 	50.072006 	49.974888 	50.574638 
-0.350714 	50.072025 	49.974902 	50.574659 
-0.350629 	50.072056 	49.974912 	50.574681 
-0.350550 	50.072067 	49.974997 	50.574701 
-0.350463 	50.072062 	49.975082 	50.574723 
-0.350388 	50.072064 	49.975070 	50.574738 
-0.350306 	50.072050 	49.975133 	50.574747 
-0.350233 	50.072051 	49.975223 	50.574762 
-0.350159 	50.072031 	49.975256 	50.574782 
-0.350069 	50.071994 	49.975270 	50.574796 
-0.349987 	50.072014 	49.975292 	50.574809 
-0.349894 	50.072011 	49.975350 	50.574825 
-0.349813 	50.072003 	49.975382 	50.574838 
-0.349723 	50.071995 	49.975453 	50.574850 
-0.349626 	50.071985 	49.975558 	50.574859 
-0.349527 	50.071972 	49.975615 	50.574868 
-0.349428 	50.071958 	49.975656 	50.574875 
-0.349351 	50.071943 	49.975754 	50.574882 
-0.349291 	50.071936 	49.975844 	50.574890 
-0.349237 	50.071961 	49.975895 	50.574897 
-0.349186 	50.071981 	49.975906 	50.574901 
-0.349128 	50.071989 	49.975954 	50.574906 
-0.349060 	50.071997 	49.975993 	50.574912 
-0.348999 	50.072002 	49.976014 	50.574921 
-0.348939 	50.072014 	49.976011 	50.574929 
-0.348890 	50.072030 	49.975980 	50.574938 
-0.348857 	50.072031 	49.976020 	50.574947 
-0.348832 	50.072011 	49.976019 	50.574956 
-0.348804 	50.072016 	49.976024 	50.574964 
-0.348763 	50.072027 	49.976069 	50.574972 
-0.348698 	50.072037 	49.976172 	50.574979 
-0.348623 	50.072042 	49.976216 	50.574990 
-0.348533 	50.072047 	49.976310 	50.574998 
-0.348435 	50.072060 	49.976334 	50.575010 
-0.348348 	50.072076 	49.976366 	50.575017 
-10.324061 	48.076737 	47.982828 	48.565409 
-10.323952 	48.076762 	47.982817 	48.565432 
-10.323852 	48.076785 	47.982831 	48.565454 
-10.323754 	48.076815 	47.982889 	48.565476 
-10.323650 	48.076857 	47.982931 	48.565499 
-10.323553 	48.076893 	47.982900 	48.565518 
-10.323446 	48.076924 	47.982911 	48.565538 
-10.323336 	48.076951 	47.982909 	48.565560 
-10.323237 	48.076931 	47.982883 	48.565583 
-10.323131 	48.076952 	47.982903 	48.565606 
-10.323016 	48.076971 	47.982938 	48.565629 
-10.322907 	48.076994 	47.982987 	48.565654 
-10.322799 	48.077019 	47.982995 	48.565676 
-10.322696 	48.077042 	47.983022 	48.565699 
-10.322588 	48.077047 	47.983065 	48.565722 
-10.322476 	48.077085 	47.983069 	48.565746 
-10.322369 	48.077123 	47.982999 	48.565771 
-10.322253 	48.077144 	47.982966 	48.565796 
-10.322134 	48.077152 	47.982947 	48.565821 
-10.322045 	48.077192 	47.982932 	48.565846 
-10.321961 	48.077260 	47.982880 	48.565871 
-10.321871 	48.077297 	47.982826 	48.565897 
-10.321787 	48.077334 	47.982797 	48.565924 
-10.321710 	48.077375 	47.982770 	48.565955 
-10.321616 	48.077413 	47.982744 	48.565985 
-10.321521 	48.077449 	47.982721 	48.566015 
-10.321412 	48.077439 	47.982759 	48.566045 
-10.321313 	48.077458 	47.982828 	48.566077 
-10.321227 	48.077467 	47.982865 	48.566108 
-10.321137 	48.077471 	47.982922 	48.566140 
-10.321061 	48.077474 	47.983028 	48.566168 
-10.320991 	48.077474 	47.983062 	48.566196 
-10.320920 	48.077471 	47.983153 	48.566221 
-10.320843 	48.077455 	47.983245 	48.566243 
-10.320754 	48.077441 	47.983332 	48.566263 
-10.320693 	48.077434 	47.983399 	48.566281 
-10.320633 	48.077414 	47.983405 	48.566297 
-10.320590 	48.077398 	47.983470 	48.566309 
-10.320531 	48.077433 	47.983616 	48.566317 
-10.320469 	48.077419 	47.983654 	48.566326 
-10.320403 	48.077402 	47.983740 	48.566332 
-10.320336 	48.077382 	47.983824 	48.566336 
-10.320274 	48.077362 	47.983890 	48.566340 
-10.320203 	48.077345 	47.983899 	48.566344 
-10.320130 	48.077332 	47.983921 	48.566346 
-10.320073 	48.077309 	47.984024 	48.566348 
-10.320001 	48.077284 	47.984079 	48.566348 
-10.319941 	48.077265 	47.984097 	48.566348 
-10.319868 	48.077273 	47.984169 	48.566348 
-10.319774 	48.077262 	47.984261 	48.566347 
-20.308694 	46.072731 	45.982312 	46.547952 
-20.308613 	46.072755 	45.982345 	46.547984 
-20.308516 	46.072771 	45.982367 	46.548016 
-20.308406 	46.072798 	45.982405 	46.548044 
-20.308295 	46.072835 	45.982442 	46.548073 
-20.308185 	46.072861 	45.982467 	46.548101 
-20.308083 	46.072884 	45.982500 	46.548128 
-20.307979 	46.072909 	45.982520 	46.548154 
-20.307867 	46.072926 	45.982627 	46.548181 
-20.307745 	46.072943 	45.982681 	46.548208 
-20.307628 	46.072967 	45.982705 	46.548232 
-20.307501 	46.072994 	45.982703 	46.548258 
-20.307385 	46.073009 	45.982729 	46.548282 
-20.307258 	46.073017 	45.982756 	46.548307 
-20.307123 	46.073040 	45.982748 	46.548330 
-20.306984 	46.073052 	45.982745 	46.548353 
-20.306853 	46.073070 	45.982731 	46.548375 
-20.306722 	46.073085 	45.982780 	46.548397 
-20.306586 	46.073107 	45.982819 	46.548419 
-20.306457 	46.073129 	45.982844 	46.548440 
-20.306313 	46.073150 	45.982849 	46.548462 
-20.306174 	46.073175 	45.982890 	46.548484 
-20.306030 	46.073198 	45.982919 	46.548506 
-20.305881 	46.073220 	45.982937 	46.548527 
-20.305737 	46.073249 	45.982907 	46.548549 
-20.305586 	46.073278 	45.982921 	46.548572 
-20.305433 	46.073322 	45.982932 	46.548595 
-20.305287 	46.073314 	45.982924 	46.548618 
-20.305149 	46.073324 	45.982923 	46.548642 
-20.305019 	46.073343 	45.982936 	46.548667 
-20.304884 	46.073352 	45.982951 	46.548691 
-20.304752 	46.073367 	45.982986 	46.548714 
-20.304622 	46.073393 	45.982997 	46.548739 
-20.304495 	46.073414 	45.983026 	46.548764 
-20.304354 	46.073434 	45.983046 	46.548788 
-20.304219 	46.073451 	45.983063 	46.548813 
-20.304083 	46.073436 	45.983105 	46.548840 
-20.303971 	46.073450 	45.983127 	46.548864 
-20.303865 	46.073465 	45.983133 	46.548888 
-20.303765 	46.073484 	45.983132 	46.548913 
-20.303672 	46.073499 	45.983160 	46.548939 
-20.303603 	46.073517 	45.983206 	46.548963 
-20.303524 	46.073541 	45.983233 	46.548986 
-20.303452 	46.073561 	45.983248 	46.549010 
-20.303391 	46.073582 	45.983326 	46.549032 
-20.303329 	46.073603 	45.983383 	46.549056 
-20.303271 	46.073626 	45.983419 	46.549081 
-20.303208 	46.073648 	45.983408 	46.549105 
-20.303151 	46.073662 	45.983384 	46.549129 
-20.303082 	46.073679 	45.983378 	46.549153 
-30.287431 	44.063025 	43.977167 	44.525343 
-30.287368 	44.063044 	43.977172 	44.525373 
-30.287290 	44.063060 	43.977161 	44.525401 
-30.287212 	44.063086 	43.977171 	44.525430 
-30.287132 	44.063102 	43.977222 	44.525458 
-30.287051 	44.063113 	43.977255 	44.525488 
-30.286958 	44.063124 	43.977315 	44.525515 
-30.286867 	44.063142 	43.977387 	44.525544 
-30.286771 	44.063167 	43.977430 	44.525571 
-30.286662 	44.063190 	43.977449 	44.525597 
-30.286541 	44.063212 	43.977468 	44.525621 
-30.286424 	44.063231 	43.977493 	44.525647 
-30.286297 	44.063247 	43.977509 	44.525672 
-30.286184 	44.063260 	43.977522 	44.525696 
-30.286077 	44.063274 	43.977553 	44.525721 
-30.285955 	44.063290 	43.977559 	44.525745 
-30.285836 	44.063299 	43.977575 	44.525770 
-30.285721 	44.063353 	43.977534 	44.525795 
-30.285612 	44.063377 	43.977534 	44.525822 
-30.285511 	44.063397 	43.977547 	44.525846 
-30.285427 	44.063420 	43.977576 	44.525870 
-30.285343 	44.063439 	43.977587 	44.525894 
-30.285281 	44.063456 	43.977596 	44.525918 
-30.285208 	44.063473 	43.977637 	44.525942 
-30.285114 	44.063483 	43.977691 	44.525966 
-30.285041 	44.063493 	43.977750 	44.525989 
-30.284965 	44.063500 	43.977780 	44.526013 
-30.284887 	44.063511 	43.977816 	44.526035 
-30.284793 	44.063526 	43.977851 	44.526056 
-30.284706 	44.063542 	43.977872 	44.526075 
-30.284623 	44.063553 	43.977872 	44.526096 
-30.284528 	44.063567 	43.977890 	44.526117 
-30.284450 	44.063582 	43.977913 	44.526137 
-30.284364 	44.063602 	43.977936 	44.526156 
-30.284279 	44.063622 	43.977929 	44.526176 
-30.284191 	44.063654 	43.977945 	44.526195 
-30.284111 	44.063678 	43.977949 	44.526214 
-30.284041 	44.063702 	43.977996 	44.526232 
-30.283966 	44.063722 	43.978003 	44.526248 
-30.283903 	44.063736 	43.978035 	44.526266 
-30.283860 	44.063747 	43.978030 	44.526285 
-30.283823 	44.063768 	43.978010 	44.526303 
-30.283772 	44.063788 	43.977988 	44.526321 
-30.283728 	44.063814 	43.977977 	44.526337 
-30.283684 	44.063841 	43.977902 	44.526355 
-30.283653 	44.063865 	43.977894 	44.526372 
-30.283618 	44.063887 	43.977890 	44.526389 
-30.283575 	44.063910 	43.977945 	44.526405 
-30.283541 	44.063928 	43.977967 	44.526420 
-30.283487 	44.063949 	43.978011 	44.526436 
-40.264475 	42.046880 	41.966968 	42.496680 
-40.264387 	42.046912 	41.966986 	42.496706 
-40.264302 	42.046940 	41.967011 	42.496732 
-40.264211 	42.046972 	41.967038 	42.496756 
-40.264120 	42.047002 	41.967069 	42.496780 
-40.264007 	42.047027 	41.967101 	42.496804 
-40.263917 	42.047062 	41.967132 	42.496830 
-40.263824 	42.047083 	41.967158 	42.496853 
-40.263708 	42.047102 	41.967184 	42.496877 
-40.263595 	42.047123 	41.967206 	42.496902 
-40.263496 	42.047144 	41.967219 	42.496926 
-40.263402 	42.047159 	41.967232 	42.496949 
-40.263297 	42.047176 	41.967277 	42.496971 
-40.263187 	42.047191 	41.967292 	42.496992 
-40.263052 	42.047206 	41.967325 	42.497014 
-40.262924 	42.047190 	41.967304 	42.497036 
-40.262803 	42.047147 	41.967318 	42.497061 
-40.262671 	42.047138 	41.967337 	42.497084 
-40.262557 	42.047136 	41.967352 	42.497105 
-40.262446 	42.047139 	41.967364 	42.497128 
-40.262337 	42.047150 	41.967381 	42.497149 
-40.262230 	42.047166 	41.967383 	42.497172 
-40.262128 	42.047183 	41.967377 	42.497193 
-40.262019 	42.047200 	41.967371 	42.497216 
-40.261919 	42.047219 	41.967373 	42.497238 
-40.261815 	42.047228 	41.967375 	42.497259 
-40.261730 	42.047245 	41.967380 	42.497281 
-40.261634 	42.047262 	41.967386 	42.497300 
-40.261551 	42.047277 	41.967392 	42.497321 
-40.261460 	42.047292 	41.967414 	42.497341 
-40.261364 	42.047291 	41.967436 	42.497362 
-40.261271 	42.047298 	41.967452 	42.497380 
-40.261181 	42.047307 	41.967468 	42.497400 
-40.261118 	42.047305 	41.967483 	42.497422 
-40.261044 	42.047309 	41.967494 	42.497441 
-40.260987 	42.047318 	41.967501 	42.497459 
-40.260918 	42.047333 	41.967488 	42.497476 
-40.260863 	42.047350 	41.967477 	42.497494 
-40.260828 	42.047366 	41.967455 	42.497511 
-40.260796 	42.047379 	41.967437 	42.497529 
-40.260781 	42.047390 	41.967419 	42.497547 
-40.260772 	42.047399 	41.967398 	42.497563 
-40.260778 	42.047408 	41.967385 	42.497581 
-40.260780 	42.047418 	41.967379 	42.497597 
-40.260795 	42.047427 	41.967364 	42.497614 
-40.260816 	42.047467 	41.967395 	42.497630 
-40.260833 	42.047532 	41.967405 	42.497646 
-40.260865 	42.047559 	41.967352 	42.497660 
-40.260885 	42.047577 	41.967341 	42.497672 
-40.260904 	42.047593 	41.967339 	42.497686 
-50.245279 	40.023205 	39.948439 	40.460473 
-50.245189 	40.023187 	39.948455 	40.460493 
-50.245095 	40.023173 	39.948479 	40.460513 
-50.244988 	40.023178 	39.948502 	40.460533 
-50.244866 	40.023193 	39.948525 	40.460552 
-50.244736 	40.023213 	39.948549 	40.460570 
-50.244598 	40.023233 	39.948574 	40.460589 
-50.244469 	40.023255 	39.948599 	40.460608 
-50.244343 	40.023279 	39.948624 	40.460625 
-50.244219 	40.023302 	39.948649 	40.460645 
-50.244095 	40.023325 	39.948675 	40.460663 
-50.243980 	40.023350 	39.948703 	40.460682 
-50.243877 	40.023368 	39.948728 	40.460701 
-50.243793 	40.023396 	39.948758 	40.460721 
-50.243718 	40.023422 	39.948791 	40.460740 
-50.243662 	40.023446 	39.948822 	40.460757 
-50.243611 	40.023468 	39.948849 	40.460774 
-50.243592 	40.023490 	39.948875 	40.460793 
-50.243588 	40.023513 	39.948896 	40.460811 
-50.243595 	40.023543 	39.948908 	40.460828 
-50.243600 	40.023538 	39.948921 	40.460845 
-50.243583 	40.023518 	39.948933 	40.460864 
-50.243563 	40.023494 	39.948947 	40.460881 
-50.243525 	40.023478 	39.948962 	40.460898 
-50.243483 	40.023471 	39.948976 	40.460914 
-50.243443 	40.023460 	39.948996 	40.460930 
-50.243394 	40.023410 	39.949019 	40.460947 
-50.243341 	40.023363 	39.949045 	40.460962 
-50.243302 	40.023323 	39.949070 	40.460977 
-50.243251 	40.023355 	39.949100 	40.460993 
-50.243196 	40.023388 	39.949127 	40.461009 
-50.243156 	40.023425 	39.949156 	40.461024 
-50.243136 	40.023462 	39.949180 	40.461037 
-50.243112 	40.023485 	39.949203 	40.461051 
-50.243076 	40.023500 	39.949223 	40.461065 
-50.243054 	40.023510 	39.949238 	40.461079 
-50.243059 	40.023521 	39.949254 	40.461092 
-50.243059 	40.023527 	39.949267 	40.461105 
-50.243054 	40.023516 	39.949284 	40.461117 
-50.243049 	40.023519 	39.949302 	40.461129 
-50.243039 	40.023525 	39.949319 	40.461141 
-50.243012 	40.023532 	39.949333 	40.461152 
-50.242969 	40.023553 	39.949347 	40.461164 
-50.242921 	40.023531 	39.949355 	40.461175 
-50.242861 	40.023505 	39.949363 	40.461186 
-50.242777 	40.023470 	39.949376 	40.461197 
-50.242714 	40.023452 	39.949388 	40.461207 
-50.242620 	40.023447 	39.949403 	40.461217 
-50.242514 	40.023443 	39.949421 	40.461228 
-50.242410 	40.023442 	39.949450 	40.461239 
-60.218244 	37.992887 	37.925092 	38.419341 
-60.218164 	37.992972 	37.925122 	38.419362 
-60.218076 	37.993070 	37.925149 	38.419383 
-60.218003 	37.993136 	37.925177 	38.419403 
-60.217941 	37.993193 	37.925209 	38.419423 
-60.217881 	37.993256 	37.925242 	38.419441 
-60.217817 	37.993255 	37.925280 	38.419459 
-60.217751 	37.993257 	37.925317 	38.419477 
-60.217701 	37.993248 	37.925353 	38.419494 
-60.217644 	37.993249 	37.925387 	38.419509 
-60.217613 	37.993252 	37.925424 	38.419524 
-60.217591 	37.993267 	37.925462 	38.419539 
-60.217589 	37.993267 	37.925504 	38.419550 
-60.217579 	37.993206 	37.925554 	38.419562 
-60.217588 	37.993208 	37.925605 	38.419573 
-60.217580 	37.993207 	37.925657 	38.419583 
-60.217560 	37.993171 	37.925709 	38.419592 
-60.217538 	37.993110 	37.925762 	38.419600 
-60.217527 	37.993055 	37.925816 	38.419609 
-60.217540 	37.993087 	37.925870 	38.419618 
-60.217568 	37.993176 	37.925925 	38.419627 
-60.217574 	37.993284 	37.925982 	38.419637 
-60.217582 	37.993356 	37.926039 	38.419645 
-60.217598 	37.993335 	37.926093 	38.419654 
-60.217617 	37.993443 	37.926143 	38.419662 
-60.217638 	37.993592 	37.926191 	38.419671 
-60.217626 	37.993702 	37.926238 	38.419680 
-60.217583 	37.993795 	37.926287 	38.419688 
-60.217517 	37.993884 	37.926335 	38.419698 
-60.217456 	37.993954 	37.926383 	38.419707 
-60.217397 	37.993900 	37.926428 	38.419717 
-60.217341 	37.993871 	37.926471 	38.419725 
-60.217273 	37.993861 	37.926517 	38.419735 
-60.217181 	37.993884 	37.926559 	38.419745 
-60.217103 	37.993899 	37.926597 	38.419756 
-60.216994 	37.993947 	37.926629 	38.419768 
-60.216888 	37.994012 	37.926659 	38.419779 
-60.216794 	37.994090 	37.926689 	38.419791 
-60.216680 	37.994130 	37.926721 	38.419803 
-60.216593 	37.994165 	37.926751 	38.419816 
-60.216533 	37.994182 	37.926778 	38.419830 
-60.216468 	37.994208 	37.926806 	38.419844 
-60.216361 	37.994265 	37.926831 	38.419860 
-60.216260 	37.994317 	37.926857 	38.419874 
-60.216136 	37.994326 	37.926879 	38.419891 
-60.216044 	37.994358 	37.926898 	38.419907 
-60.215957 	37.994388 	37.926916 	38.419923 
-60.215874 	37.994410 	37.926931 	38.419939 
-60.215804 	37.994444 	37.926942 	38.419955 
-60.215730 	37.994445 	37.926949 	38.419972 
